0, 0, (0.000, 0.000, 0.000)
43.72763, 5605, (-2.152, 0.000, 0.325)
43.73995, 5606, (-2.100, 0.000, 0.325)
43.75014, 5607, (-2.100, 0.000, 0.325)
43.75631, 5608, (-2.100, 0.000, 0.325)
43.76572, 5609, (-2.076, 0.000, 0.325)
43.77702, 5610, (-2.076, 0.000, 0.325)
43.78367, 5611, (-2.076, 0.000, 0.325)
43.79078, 5612, (-2.076, 0.000, 0.325)
43.79729, 5613, (-2.076, 0.000, 0.325)
43.80343, 5614, (-2.076, 0.000, 0.325)
43.81445, 5615, (-2.052, 0.000, 0.325)
43.82634, 5616, (-2.052, 0.000, 0.325)
43.83344, 5617, (-2.052, 0.000, 0.325)
43.84116, 5618, (-2.052, 0.000, 0.325)
43.84981, 5619, (-2.052, 0.000, 0.325)
43.85703, 5620, (-2.052, 0.000, 0.325)
43.86451, 5621, (-2.052, 0.000, 0.325)
43.87171, 5622, (-2.052, 0.000, 0.325)
43.8794, 5623, (-2.052, 0.000, 0.325)
43.88666, 5624, (-2.052, 0.000, 0.325)
43.89315, 5625, (-2.052, 0.000, 0.325)
43.89953, 5626, (-2.052, 0.000, 0.325)
43.90598, 5627, (-2.052, 0.000, 0.325)
43.91323, 5628, (-2.052, 0.000, 0.325)
43.91992, 5629, (-2.052, 0.000, 0.325)
43.92697, 5630, (-2.052, 0.000, 0.325)
43.93434, 5631, (-2.052, 0.000, 0.325)
43.94132, 5632, (-2.052, 0.000, 0.325)
43.94855, 5633, (-2.052, 0.000, 0.325)
43.95505, 5634, (-2.052, 0.000, 0.325)
43.96364, 5635, (-2.052, 0.000, 0.325)
43.97042, 5636, (-2.052, 0.000, 0.325)
43.97876, 5637, (-2.052, 0.000, 0.325)
43.98567, 5638, (-2.052, 0.000, 0.325)
43.99344, 5639, (-2.052, 0.000, 0.325)
44.00032, 5640, (-2.052, 0.000, 0.325)
44.00753, 5641, (-2.052, 0.000, 0.325)
44.01512, 5642, (-2.052, 0.000, 0.325)
44.02196, 5643, (-2.052, 0.000, 0.325)
44.02948, 5644, (-2.052, 0.000, 0.325)
44.03692, 5645, (-2.052, 0.000, 0.325)
44.04407, 5646, (-2.052, 0.000, 0.325)
44.05091, 5647, (-2.052, 0.000, 0.325)
44.05651, 5648, (-2.052, 0.000, 0.325)
44.06327, 5649, (-2.052, 0.000, 0.325)
44.06966, 5650, (-2.052, 0.000, 0.325)
44.07525, 5651, (-2.052, 0.000, 0.325)
44.08149, 5652, (-2.052, 0.000, 0.325)
44.08784, 5653, (-2.052, 0.000, 0.325)
44.0949, 5654, (-2.052, 0.000, 0.325)
44.10143, 5655, (-2.052, 0.000, 0.325)
44.10775, 5656, (-2.052, 0.000, 0.325)
44.11392, 5657, (-2.052, 0.000, 0.325)
44.12242, 5658, (-2.028, 0.000, 0.325)
44.13614, 5659, (-2.006, 0.000, 0.325)
44.15181, 5660, (-1.984, 0.000, 0.325)
44.1657, 5661, (-1.962, 0.000, 0.325)
44.18131, 5662, (-1.916, 0.000, 0.325)
44.1944, 5663, (-1.916, 0.000, 0.325)
44.2053, 5664, (-1.910, 0.000, 0.332)
44.21969, 5665, (-1.910, 0.000, 0.342)
44.23548, 5666, (-1.910, 0.000, 0.332)
44.2521, 5667, (-1.910, 0.000, 0.342)
44.27532, 5668, (-1.910, 0.000, 0.358)
44.29108, 5669, (-1.910, 0.000, 0.368)
44.30351, 5670, (-1.910, 0.000, 0.368)
44.31015, 5671, (-1.910, 0.000, 0.368)
44.31704, 5672, (-1.910, 0.000, 0.368)
44.32789, 5673, (-1.910, 0.000, 0.379)
44.33883, 5674, (-1.910, 0.000, 0.379)
44.34678, 5675, (-1.910, 0.000, 0.379)
44.35422, 5676, (-1.910, 0.000, 0.379)
44.36213, 5677, (-1.910, 0.000, 0.379)
44.37222, 5678, (-1.910, 0.000, 0.389)
44.3848, 5679, (-1.910, 0.000, 0.389)
44.39891, 5680, (-1.910, 0.000, 0.389)
44.41254, 5681, (-1.910, 0.000, 0.389)
44.41888, 5682, (-1.910, 0.000, 0.389)
44.42447, 5683, (-1.910, 0.000, 0.389)
44.43096, 5684, (-1.910, 0.000, 0.389)
44.43658, 5685, (-1.910, 0.000, 0.389)
44.44287, 5686, (-1.910, 0.000, 0.389)
44.44846, 5687, (-1.910, 0.000, 0.389)
44.45461, 5688, (-1.910, 0.000, 0.389)
44.4642, 5689, (-1.910, 0.000, 0.389)
44.47165, 5690, (-1.910, 0.000, 0.389)
44.48301, 5691, (-1.910, 0.000, 0.400)
44.4953, 5692, (-1.910, 0.000, 0.400)
44.50109, 5693, (-1.910, 0.000, 0.400)
44.50792, 5694, (-1.910, 0.000, 0.400)
44.51534, 5695, (-1.910, 0.000, 0.400)
44.52276, 5696, (-1.910, 0.000, 0.400)
44.53865, 5697, (-1.910, 0.000, 0.411)
44.5535, 5698, (-1.910, 0.000, 0.400)
44.56545, 5699, (-1.910, 0.000, 0.400)
44.57185, 5700, (-1.910, 0.000, 0.400)
44.57858, 5701, (-1.910, 0.000, 0.400)
44.58406, 5702, (-1.910, 0.000, 0.400)
44.58984, 5703, (-1.910, 0.000, 0.400)
44.59888, 5704, (-1.910, 0.000, 0.411)
44.61177, 5705, (-1.910, 0.000, 0.411)
44.61872, 5706, (-1.910, 0.000, 0.411)
44.62633, 5707, (-1.910, 0.000, 0.411)
44.63725, 5708, (-1.910, 0.000, 0.422)
44.64981, 5709, (-1.910, 0.000, 0.422)
44.65667, 5710, (-1.910, 0.000, 0.422)
44.66361, 5711, (-1.910, 0.000, 0.422)
44.6688, 5712, (-1.910, 0.000, 0.422)
44.675, 5713, (-1.910, 0.000, 0.422)
44.68081, 5714, (-1.910, 0.000, 0.422)
44.6865, 5715, (-1.910, 0.000, 0.422)
44.69254, 5716, (-1.910, 0.000, 0.422)
44.70473, 5717, (-1.910, 0.000, 0.411)
44.72364, 5718, (-1.910, 0.000, 0.422)
44.73533, 5719, (-1.910, 0.000, 0.422)
44.74175, 5720, (-1.910, 0.000, 0.422)
44.74867, 5721, (-1.910, 0.000, 0.422)
44.75495, 5722, (-1.910, 0.000, 0.422)
44.7629, 5723, (-1.910, 0.000, 0.422)
44.77327, 5724, (-1.910, 0.000, 0.433)
44.78716, 5725, (-1.910, 0.000, 0.422)
44.79839, 5726, (-1.910, 0.000, 0.422)
44.80544, 5727, (-1.910, 0.000, 0.422)
44.81283, 5728, (-1.910, 0.000, 0.422)
44.82277, 5729, (-1.910, 0.000, 0.433)
44.83552, 5730, (-1.910, 0.000, 0.433)
44.84294, 5731, (-1.910, 0.000, 0.433)
44.85062, 5732, (-1.910, 0.000, 0.433)
44.85724, 5733, (-1.910, 0.000, 0.433)
44.86476, 5734, (-1.910, 0.000, 0.433)
44.87629, 5735, (-1.910, 0.000, 0.444)
44.88858, 5736, (-1.910, 0.000, 0.444)
44.89587, 5737, (-1.910, 0.000, 0.444)
44.90563, 5738, (-1.910, 0.000, 0.455)
44.91788, 5739, (-1.910, 0.000, 0.455)
44.92484, 5740, (-1.910, 0.000, 0.455)
44.93234, 5741, (-1.910, 0.000, 0.455)
44.93867, 5742, (-1.910, 0.000, 0.455)
44.94968, 5743, (-1.910, 0.000, 0.444)
44.96569, 5744, (-1.910, 0.000, 0.455)
44.979, 5745, (-1.910, 0.000, 0.455)
44.98615, 5746, (-1.910, 0.000, 0.455)
44.99391, 5747, (-1.910, 0.000, 0.455)
45.00145, 5748, (-1.910, 0.000, 0.455)
45.0098, 5749, (-1.910, 0.000, 0.455)
45.0173, 5750, (-1.910, 0.000, 0.455)
45.02948, 5751, (-1.910, 0.000, 0.467)
45.0431, 5752, (-1.910, 0.000, 0.467)
45.05079, 5753, (-1.910, 0.000, 0.467)
45.05827, 5754, (-1.910, 0.000, 0.467)
45.06952, 5755, (-1.910, 0.000, 0.478)
45.08311, 5756, (-1.910, 0.000, 0.478)
45.08992, 5757, (-1.910, 0.000, 0.478)
45.10072, 5758, (-1.910, 0.000, 0.490)
45.11334, 5759, (-1.910, 0.000, 0.490)
45.12071, 5760, (-1.910, 0.000, 0.490)
45.12896, 5761, (-1.910, 0.000, 0.490)
45.13541, 5762, (-1.910, 0.000, 0.490)
45.14315, 5763, (-1.910, 0.000, 0.490)
45.15063, 5764, (-1.910, 0.000, 0.490)
45.16244, 5765, (-1.910, 0.000, 0.501)
45.17405, 5766, (-1.910, 0.000, 0.501)
45.18131, 5767, (-1.910, 0.000, 0.501)
45.18777, 5768, (-1.910, 0.000, 0.501)
45.19604, 5769, (-1.910, 0.000, 0.501)
45.20322, 5770, (-1.910, 0.000, 0.501)
45.21518, 5771, (-1.910, 0.000, 0.490)
45.23135, 5772, (-1.910, 0.000, 0.501)
45.24449, 5773, (-1.910, 0.000, 0.501)
45.2516, 5774, (-1.910, 0.000, 0.501)
45.25883, 5775, (-1.910, 0.000, 0.501)
45.26677, 5776, (-1.910, 0.000, 0.501)
45.27641, 5777, (-1.910, 0.000, 0.501)
45.28303, 5778, (-1.910, 0.000, 0.501)
45.2904, 5779, (-1.910, 0.000, 0.501)
45.30168, 5780, (-1.910, 0.000, 0.513)
45.31456, 5781, (-1.910, 0.000, 0.513)
45.32151, 5782, (-1.910, 0.000, 0.513)
45.33366, 5783, (-1.910, 0.000, 0.525)
45.34788, 5784, (-1.910, 0.000, 0.525)
45.3552, 5785, (-1.910, 0.000, 0.525)
45.36364, 5786, (-1.910, 0.000, 0.525)
45.37334, 5787, (-1.910, 0.000, 0.513)
45.3846, 5788, (-1.910, 0.000, 0.513)
45.39033, 5789, (-1.910, 0.000, 0.513)
45.40077, 5790, (-1.910, 0.000, 0.525)
45.41169, 5791, (-1.910, 0.000, 0.525)
45.4186, 5792, (-1.910, 0.000, 0.525)
45.42509, 5793, (-1.910, 0.000, 0.525)
45.43295, 5794, (-1.910, 0.000, 0.525)
45.44019, 5795, (-1.910, 0.000, 0.525)
45.44636, 5796, (-1.910, 0.000, 0.525)
45.45192, 5797, (-1.910, 0.000, 0.525)
45.45884, 5798, (-1.910, 0.000, 0.525)
45.46659, 5799, (-1.910, 0.000, 0.525)
45.47434, 5800, (-1.910, 0.000, 0.525)
45.48272, 5801, (-1.910, 0.000, 0.525)
45.49061, 5802, (-1.910, 0.000, 0.525)
45.49839, 5803, (-1.910, 0.000, 0.525)
45.50883, 5804, (-1.910, 0.000, 0.537)
45.52166, 5805, (-1.910, 0.000, 0.537)
45.52925, 5806, (-1.910, 0.000, 0.537)
45.53589, 5807, (-1.910, 0.000, 0.537)
45.54435, 5808, (-1.910, 0.000, 0.537)
45.55114, 5809, (-1.910, 0.000, 0.537)
45.55901, 5810, (-1.910, 0.000, 0.537)
45.56995, 5811, (-1.910, 0.000, 0.549)
45.58173, 5812, (-1.910, 0.000, 0.549)
45.58792, 5813, (-1.910, 0.000, 0.549)
45.59441, 5814, (-1.910, 0.000, 0.549)
45.59974, 5815, (-1.910, 0.000, 0.549)
45.60541, 5816, (-1.910, 0.000, 0.549)
45.61508, 5817, (-1.910, 0.000, 0.561)
45.62449, 5818, (-1.910, 0.000, 0.561)
45.63009, 5819, (-1.910, 0.000, 0.561)
45.63557, 5820, (-1.910, 0.000, 0.561)
45.64157, 5821, (-1.910, 0.000, 0.561)
45.64866, 5822, (-1.910, 0.000, 0.561)
45.65503, 5823, (-1.910, 0.000, 0.561)
45.66131, 5824, (-1.910, 0.000, 0.561)
45.66668, 5825, (-1.910, 0.000, 0.561)
45.67223, 5826, (-1.910, 0.000, 0.561)
45.67802, 5827, (-1.910, 0.000, 0.561)
45.68388, 5828, (-1.910, 0.000, 0.561)
45.68982, 5829, (-1.910, 0.000, 0.561)
45.69781, 5830, (-1.910, 0.000, 0.561)
45.7071, 5831, (-1.910, 0.000, 0.561)
45.71467, 5832, (-1.910, 0.000, 0.561)
45.73316, 5833, (-1.910, 0.000, 0.574)
45.74705, 5834, (-1.910, 0.000, 0.574)
45.75385, 5835, (-1.910, 0.000, 0.574)
45.7621, 5836, (-1.910, 0.000, 0.574)
45.76926, 5837, (-1.910, 0.000, 0.574)
45.77773, 5838, (-1.910, 0.000, 0.574)
45.78502, 5839, (-1.910, 0.000, 0.574)
45.79276, 5840, (-1.910, 0.000, 0.574)
45.79905, 5841, (-1.910, 0.000, 0.574)
45.80663, 5842, (-1.910, 0.000, 0.574)
45.81433, 5843, (-1.910, 0.000, 0.574)
45.82208, 5844, (-1.910, 0.000, 0.574)
45.83037, 5845, (-1.910, 0.000, 0.574)
45.83754, 5846, (-1.910, 0.000, 0.574)
45.84547, 5847, (-1.910, 0.000, 0.574)
45.85216, 5848, (-1.910, 0.000, 0.574)
45.85899, 5849, (-1.910, 0.000, 0.574)
45.86653, 5850, (-1.910, 0.000, 0.574)
45.87354, 5851, (-1.910, 0.000, 0.574)
45.88099, 5852, (-1.910, 0.000, 0.574)
45.88903, 5853, (-1.910, 0.000, 0.574)
45.897, 5854, (-1.910, 0.000, 0.574)
45.90368, 5855, (-1.910, 0.000, 0.574)
45.91091, 5856, (-1.910, 0.000, 0.574)
45.91804, 5857, (-1.910, 0.000, 0.574)
45.92574, 5858, (-1.910, 0.000, 0.574)
45.93287, 5859, (-1.910, 0.000, 0.574)
45.93938, 5860, (-1.910, 0.000, 0.574)
45.94757, 5861, (-1.910, 0.000, 0.574)
45.9551, 5862, (-1.910, 0.000, 0.574)
45.96235, 5863, (-1.910, 0.000, 0.574)
45.96933, 5864, (-1.910, 0.000, 0.574)
45.97608, 5865, (-1.910, 0.000, 0.574)
45.98241, 5866, (-1.910, 0.000, 0.574)
45.98883, 5867, (-1.910, 0.000, 0.574)
45.9957, 5868, (-1.910, 0.000, 0.574)
46.00261, 5869, (-1.910, 0.000, 0.574)
46.01138, 5870, (-1.910, 0.000, 0.574)
46.01817, 5871, (-1.910, 0.000, 0.574)
46.02663, 5872, (-1.910, 0.000, 0.574)
46.03355, 5873, (-1.910, 0.000, 0.574)
46.0392, 5874, (-1.910, 0.000, 0.574)
46.04483, 5875, (-1.910, 0.000, 0.574)
46.05056, 5876, (-1.910, 0.000, 0.574)
46.05642, 5877, (-1.910, 0.000, 0.574)
46.06227, 5878, (-1.910, 0.000, 0.574)
46.06805, 5879, (-1.910, 0.000, 0.574)
46.07377, 5880, (-1.910, 0.000, 0.574)
46.0816, 5881, (-1.910, 0.000, 0.574)
46.08974, 5882, (-1.910, 0.000, 0.574)
46.09847, 5883, (-1.910, 0.000, 0.574)
46.10566, 5884, (-1.910, 0.000, 0.574)
46.11349, 5885, (-1.910, 0.000, 0.574)
46.12081, 5886, (-1.910, 0.000, 0.574)
46.1287, 5887, (-1.910, 0.000, 0.574)
46.1361, 5888, (-1.910, 0.000, 0.574)
46.14402, 5889, (-1.910, 0.000, 0.574)
46.15113, 5890, (-1.910, 0.000, 0.574)
46.15934, 5891, (-1.910, 0.000, 0.574)
46.16661, 5892, (-1.910, 0.000, 0.574)
46.17316, 5893, (-1.910, 0.000, 0.574)
46.17965, 5894, (-1.910, 0.000, 0.574)
46.18615, 5895, (-1.910, 0.000, 0.574)
46.19286, 5896, (-1.910, 0.000, 0.574)
46.19931, 5897, (-1.910, 0.000, 0.574)
46.2062, 5898, (-1.910, 0.000, 0.574)
46.21308, 5899, (-1.910, 0.000, 0.574)
46.2197, 5900, (-1.910, 0.000, 0.574)
46.22709, 5901, (-1.910, 0.000, 0.574)
46.23368, 5902, (-1.910, 0.000, 0.574)
46.23998, 5903, (-1.910, 0.000, 0.574)
46.24701, 5904, (-1.910, 0.000, 0.574)
46.25415, 5905, (-1.910, 0.000, 0.574)
46.26228, 5906, (-1.910, 0.000, 0.574)
46.26903, 5907, (-1.910, 0.000, 0.574)
46.27675, 5908, (-1.910, 0.000, 0.574)
46.28272, 5909, (-1.910, 0.000, 0.574)
46.28822, 5910, (-1.910, 0.000, 0.574)
46.29427, 5911, (-1.910, 0.000, 0.574)
46.2999, 5912, (-1.910, 0.000, 0.574)
46.30634, 5913, (-1.910, 0.000, 0.574)
46.31293, 5914, (-1.910, 0.000, 0.574)
46.32053, 5915, (-1.910, 0.000, 0.574)
46.32729, 5916, (-1.910, 0.000, 0.574)
46.33542, 5917, (-1.910, 0.000, 0.574)
46.34181, 5918, (-1.910, 0.000, 0.574)
46.3493, 5919, (-1.910, 0.000, 0.574)
46.35694, 5920, (-1.910, 0.000, 0.574)
46.36442, 5921, (-1.910, 0.000, 0.574)
46.3718, 5922, (-1.910, 0.000, 0.574)
46.37903, 5923, (-1.910, 0.000, 0.574)
46.38554, 5924, (-1.910, 0.000, 0.574)
46.391, 5925, (-1.910, 0.000, 0.574)
46.39718, 5926, (-1.910, 0.000, 0.574)
46.40331, 5927, (-1.910, 0.000, 0.574)
46.41048, 5928, (-1.910, 0.000, 0.574)
46.41671, 5929, (-1.910, 0.000, 0.574)
46.42352, 5930, (-1.910, 0.000, 0.574)
46.43098, 5931, (-1.910, 0.000, 0.574)
46.43845, 5932, (-1.910, 0.000, 0.574)
46.4468, 5933, (-1.910, 0.000, 0.574)
46.45422, 5934, (-1.910, 0.000, 0.574)
46.46355, 5935, (-1.910, 0.000, 0.574)
46.47052, 5936, (-1.910, 0.000, 0.574)
46.47853, 5937, (-1.910, 0.000, 0.574)
46.4857, 5938, (-1.910, 0.000, 0.574)
46.49233, 5939, (-1.910, 0.000, 0.574)
46.49928, 5940, (-1.910, 0.000, 0.574)
46.50633, 5941, (-1.910, 0.000, 0.574)
46.51373, 5942, (-1.910, 0.000, 0.574)
46.5193, 5943, (-1.910, 0.000, 0.574)
46.52578, 5944, (-1.910, 0.000, 0.574)
46.5319, 5945, (-1.910, 0.000, 0.574)
46.53926, 5946, (-1.910, 0.000, 0.574)
46.54892, 5947, (-1.910, 0.000, 0.574)
46.55974, 5948, (-1.910, 0.000, 0.574)
46.56537, 5949, (-1.910, 0.000, 0.574)
46.57109, 5950, (-1.910, 0.000, 0.574)
46.57919, 5951, (-1.910, 0.000, 0.574)
46.58684, 5952, (-1.910, 0.000, 0.574)
46.59469, 5953, (-1.910, 0.000, 0.574)
46.60159, 5954, (-1.910, 0.000, 0.574)
46.60914, 5955, (-1.910, 0.000, 0.574)
46.61616, 5956, (-1.910, 0.000, 0.574)
46.62256, 5957, (-1.910, 0.000, 0.574)
46.62976, 5958, (-1.910, 0.000, 0.574)
46.63593, 5959, (-1.910, 0.000, 0.574)
46.64258, 5960, (-1.910, 0.000, 0.574)
46.64961, 5961, (-1.910, 0.000, 0.574)
46.65506, 5962, (-1.910, 0.000, 0.574)
46.66228, 5963, (-1.910, 0.000, 0.574)
46.66946, 5964, (-1.910, 0.000, 0.574)
46.67597, 5965, (-1.910, 0.000, 0.574)
46.68282, 5966, (-1.910, 0.000, 0.574)
46.68896, 5967, (-1.910, 0.000, 0.574)
46.69766, 5968, (-1.910, 0.000, 0.574)
46.70445, 5969, (-1.910, 0.000, 0.574)
46.71205, 5970, (-1.910, 0.000, 0.574)
46.71869, 5971, (-1.910, 0.000, 0.574)
46.72588, 5972, (-1.910, 0.000, 0.574)
46.7336, 5973, (-1.910, 0.000, 0.574)
46.74085, 5974, (-1.910, 0.000, 0.574)
46.74878, 5975, (-1.910, 0.000, 0.574)
46.75674, 5976, (-1.910, 0.000, 0.574)
46.7644, 5977, (-1.910, 0.000, 0.574)
46.7721, 5978, (-1.910, 0.000, 0.574)
46.77922, 5979, (-1.910, 0.000, 0.574)
46.78648, 5980, (-1.910, 0.000, 0.574)
46.79311, 5981, (-1.910, 0.000, 0.574)
46.79948, 5982, (-1.910, 0.000, 0.574)
46.807, 5983, (-1.910, 0.000, 0.574)
46.81497, 5984, (-1.910, 0.000, 0.574)
46.82208, 5985, (-1.910, 0.000, 0.574)
46.83034, 5986, (-1.910, 0.000, 0.574)
46.84098, 5987, (-1.910, 0.000, 0.574)
46.84917, 5988, (-1.910, 0.000, 0.574)
46.85713, 5989, (-1.910, 0.000, 0.574)
46.865, 5990, (-1.910, 0.000, 0.574)
46.87231, 5991, (-1.910, 0.000, 0.574)
46.8786, 5992, (-1.910, 0.000, 0.574)
46.88561, 5993, (-1.910, 0.000, 0.574)
46.89311, 5994, (-1.910, 0.000, 0.574)
46.89957, 5995, (-1.910, 0.000, 0.574)
46.90527, 5996, (-1.910, 0.000, 0.574)
46.91203, 5997, (-1.910, 0.000, 0.574)
46.91771, 5998, (-1.910, 0.000, 0.574)
46.92337, 5999, (-1.910, 0.000, 0.574)
46.93028, 6000, (-1.910, 0.000, 0.574)
46.93786, 6001, (-1.910, 0.000, 0.574)
46.94635, 6002, (-1.910, 0.000, 0.574)
46.95354, 6003, (-1.910, 0.000, 0.574)
46.96039, 6004, (-1.910, 0.000, 0.574)
46.96736, 6005, (-1.910, 0.000, 0.574)
46.97512, 6006, (-1.910, 0.000, 0.574)
46.98277, 6007, (-1.910, 0.000, 0.574)
46.99033, 6008, (-1.910, 0.000, 0.574)
46.99665, 6009, (-1.910, 0.000, 0.574)
47.00199, 6010, (-1.910, 0.000, 0.574)
47.00818, 6011, (-1.910, 0.000, 0.574)
47.01372, 6012, (-1.910, 0.000, 0.574)
47.01977, 6013, (-1.910, 0.000, 0.574)
47.02607, 6014, (-1.910, 0.000, 0.574)
47.03286, 6015, (-1.910, 0.000, 0.574)
47.03971, 6016, (-1.910, 0.000, 0.574)
47.0468, 6017, (-1.910, 0.000, 0.574)
47.05351, 6018, (-1.910, 0.000, 0.574)
47.06126, 6019, (-1.910, 0.000, 0.574)
47.06776, 6020, (-1.910, 0.000, 0.574)
47.07584, 6021, (-1.910, 0.000, 0.574)
47.08323, 6022, (-1.910, 0.000, 0.574)
47.09041, 6023, (-1.910, 0.000, 0.574)
47.09841, 6024, (-1.910, 0.000, 0.574)
47.10557, 6025, (-1.910, 0.000, 0.574)
47.11266, 6026, (-1.910, 0.000, 0.574)
47.11971, 6027, (-1.910, 0.000, 0.574)
47.12696, 6028, (-1.910, 0.000, 0.574)
47.13369, 6029, (-1.910, 0.000, 0.574)
47.14015, 6030, (-1.910, 0.000, 0.574)
47.14743, 6031, (-1.910, 0.000, 0.574)
47.1549, 6032, (-1.910, 0.000, 0.574)
47.16284, 6033, (-1.910, 0.000, 0.574)
47.17062, 6034, (-1.910, 0.000, 0.574)
47.17887, 6035, (-1.910, 0.000, 0.574)
47.18538, 6036, (-1.910, 0.000, 0.574)
47.19259, 6037, (-1.910, 0.000, 0.574)
47.19933, 6038, (-1.910, 0.000, 0.574)
47.20599, 6039, (-1.910, 0.000, 0.574)
47.21332, 6040, (-1.910, 0.000, 0.574)
47.22152, 6041, (-1.910, 0.000, 0.574)
47.22895, 6042, (-1.910, 0.000, 0.574)
47.23478, 6043, (-1.910, 0.000, 0.574)
47.24166, 6044, (-1.910, 0.000, 0.574)
47.24868, 6045, (-1.910, 0.000, 0.574)
47.25576, 6046, (-1.910, 0.000, 0.574)
47.2622, 6047, (-1.910, 0.000, 0.574)
47.26896, 6048, (-1.910, 0.000, 0.574)
47.27591, 6049, (-1.910, 0.000, 0.574)
47.28189, 6050, (-1.910, 0.000, 0.574)
47.28932, 6051, (-1.910, 0.000, 0.574)
47.29762, 6052, (-1.910, 0.000, 0.574)
47.30428, 6053, (-1.910, 0.000, 0.574)
47.31212, 6054, (-1.910, 0.000, 0.574)
47.31981, 6055, (-1.910, 0.000, 0.574)
47.32792, 6056, (-1.910, 0.000, 0.574)
47.336, 6057, (-1.910, 0.000, 0.574)
47.34328, 6058, (-1.910, 0.000, 0.574)
47.35026, 6059, (-1.910, 0.000, 0.574)
47.35692, 6060, (-1.910, 0.000, 0.574)
47.36349, 6061, (-1.910, 0.000, 0.574)
47.36988, 6062, (-1.910, 0.000, 0.574)
47.37744, 6063, (-1.910, 0.000, 0.574)
47.38471, 6064, (-1.910, 0.000, 0.574)
47.39124, 6065, (-1.910, 0.000, 0.574)
47.39939, 6066, (-1.910, 0.000, 0.574)
47.40618, 6067, (-1.910, 0.000, 0.574)
47.41219, 6068, (-1.910, 0.000, 0.574)
47.41865, 6069, (-1.910, 0.000, 0.574)
47.42459, 6070, (-1.910, 0.000, 0.574)
47.43148, 6071, (-1.910, 0.000, 0.574)
47.43748, 6072, (-1.910, 0.000, 0.574)
47.44373, 6073, (-1.910, 0.000, 0.574)
47.44944, 6074, (-1.910, 0.000, 0.574)
47.45463, 6075, (-1.910, 0.000, 0.574)
47.46297, 6076, (-1.910, 0.000, 0.574)
47.4691, 6077, (-1.910, 0.000, 0.574)
47.47587, 6078, (-1.910, 0.000, 0.574)
47.48335, 6079, (-1.910, 0.000, 0.574)
47.48995, 6080, (-1.910, 0.000, 0.574)
47.49581, 6081, (-1.910, 0.000, 0.574)
47.50155, 6082, (-1.910, 0.000, 0.574)
47.50848, 6083, (-1.910, 0.000, 0.574)
47.51535, 6084, (-1.910, 0.000, 0.574)
47.52116, 6085, (-1.910, 0.000, 0.574)
47.52748, 6086, (-1.910, 0.000, 0.574)
47.53321, 6087, (-1.910, 0.000, 0.574)
47.5388, 6088, (-1.910, 0.000, 0.574)
47.54593, 6089, (-1.910, 0.000, 0.574)
47.55339, 6090, (-1.910, 0.000, 0.574)
47.56237, 6091, (-1.910, 0.000, 0.574)
47.56833, 6092, (-1.910, 0.000, 0.574)
47.57526, 6093, (-1.910, 0.000, 0.574)
47.58305, 6094, (-1.910, 0.000, 0.574)
47.59012, 6095, (-1.910, 0.000, 0.574)
47.59715, 6096, (-1.910, 0.000, 0.574)
47.60406, 6097, (-1.910, 0.000, 0.574)
47.61108, 6098, (-1.910, 0.000, 0.574)
47.61839, 6099, (-1.910, 0.000, 0.574)
47.62612, 6100, (-1.910, 0.000, 0.574)
47.63362, 6101, (-1.910, 0.000, 0.574)
47.64089, 6102, (-1.910, 0.000, 0.574)
47.64727, 6103, (-1.910, 0.000, 0.574)
47.65426, 6104, (-1.910, 0.000, 0.574)
47.66221, 6105, (-1.910, 0.000, 0.574)
47.66901, 6106, (-1.910, 0.000, 0.574)
47.6771, 6107, (-1.910, 0.000, 0.574)
47.68443, 6108, (-1.910, 0.000, 0.574)
47.69249, 6109, (-1.910, 0.000, 0.574)
47.70739, 6110, (-1.910, 0.000, 0.574)
47.71564, 6111, (-1.910, 0.000, 0.574)
47.72322, 6112, (-1.910, 0.000, 0.574)
47.73107, 6113, (-1.910, 0.000, 0.574)
47.73836, 6114, (-1.910, 0.000, 0.574)
47.74609, 6115, (-1.910, 0.000, 0.574)
47.75323, 6116, (-1.910, 0.000, 0.574)
47.76087, 6117, (-1.910, 0.000, 0.574)
47.77028, 6118, (-1.910, 0.000, 0.574)
47.77959, 6119, (-1.910, 0.000, 0.574)
47.78951, 6120, (-1.910, 0.000, 0.574)
47.79878, 6121, (-1.910, 0.000, 0.574)
47.80845, 6122, (-1.910, 0.000, 0.574)
47.81662, 6123, (-1.910, 0.000, 0.574)
47.82743, 6124, (-1.910, 0.000, 0.574)
47.83498, 6125, (-1.910, 0.000, 0.574)
47.84044, 6126, (-1.910, 0.000, 0.574)
47.84962, 6127, (-1.910, 0.000, 0.574)
47.85488, 6128, (-1.910, 0.000, 0.574)
47.861, 6129, (-1.910, 0.000, 0.574)
47.86808, 6130, (-1.910, 0.000, 0.574)
47.87542, 6131, (-1.910, 0.000, 0.574)
47.88235, 6132, (-1.910, 0.000, 0.574)
47.88818, 6133, (-1.910, 0.000, 0.574)
47.89614, 6134, (-1.910, 0.000, 0.574)
47.90277, 6135, (-1.910, 0.000, 0.574)
47.90946, 6136, (-1.910, 0.000, 0.574)
47.9155, 6137, (-1.910, 0.000, 0.574)
47.92196, 6138, (-1.910, 0.000, 0.574)
47.92918, 6139, (-1.910, 0.000, 0.574)
47.93529, 6140, (-1.910, 0.000, 0.574)
47.94232, 6141, (-1.910, 0.000, 0.574)
47.9481, 6142, (-1.910, 0.000, 0.574)
47.95417, 6143, (-1.910, 0.000, 0.574)
47.96026, 6144, (-1.910, 0.000, 0.574)
47.96569, 6145, (-1.910, 0.000, 0.574)
47.97171, 6146, (-1.910, 0.000, 0.574)
47.98083, 6147, (-1.910, 0.000, 0.574)
47.98745, 6148, (-1.910, 0.000, 0.574)
47.99421, 6149, (-1.910, 0.000, 0.574)
48.00152, 6150, (-1.910, 0.000, 0.574)
48.0083, 6151, (-1.910, 0.000, 0.574)
48.01616, 6152, (-1.910, 0.000, 0.574)
48.02383, 6153, (-1.910, 0.000, 0.574)
48.03132, 6154, (-1.910, 0.000, 0.574)
48.0387, 6155, (-1.910, 0.000, 0.574)
48.04585, 6156, (-1.910, 0.000, 0.574)
48.05324, 6157, (-1.910, 0.000, 0.574)
48.05998, 6158, (-1.910, 0.000, 0.574)
48.06601, 6159, (-1.910, 0.000, 0.574)
48.0726, 6160, (-1.910, 0.000, 0.574)
48.07884, 6161, (-1.910, 0.000, 0.574)
48.08446, 6162, (-1.910, 0.000, 0.574)
48.09082, 6163, (-1.910, 0.000, 0.574)
48.09899, 6164, (-1.910, 0.000, 0.574)
48.10678, 6165, (-1.910, 0.000, 0.574)
48.11415, 6166, (-1.910, 0.000, 0.574)
48.12018, 6167, (-1.910, 0.000, 0.574)
48.12653, 6168, (-1.910, 0.000, 0.574)
48.13194, 6169, (-1.910, 0.000, 0.574)
48.14011, 6170, (-1.910, 0.000, 0.574)
48.15398, 6171, (-1.910, 0.000, 0.574)
48.16071, 6172, (-1.910, 0.000, 0.574)
48.16711, 6173, (-1.910, 0.000, 0.574)
48.17354, 6174, (-1.910, 0.000, 0.574)
48.18011, 6175, (-1.910, 0.000, 0.574)
48.18711, 6176, (-1.910, 0.000, 0.574)
48.19437, 6177, (-1.910, 0.000, 0.574)
48.20163, 6178, (-1.910, 0.000, 0.574)
48.20955, 6179, (-1.910, 0.000, 0.574)
48.22711, 6180, (-1.910, 0.000, 0.574)
48.2445, 6181, (-1.910, 0.000, 0.574)
48.25258, 6182, (-1.910, 0.000, 0.574)
48.26066, 6183, (-1.910, 0.000, 0.574)
48.26745, 6184, (-1.910, 0.000, 0.574)
48.2756, 6185, (-1.910, 0.000, 0.574)
48.28323, 6186, (-1.910, 0.000, 0.574)
48.29042, 6187, (-1.910, 0.000, 0.574)
48.29772, 6188, (-1.910, 0.000, 0.574)
48.30693, 6189, (-1.910, 0.000, 0.574)
48.31523, 6190, (-1.910, 0.000, 0.574)
48.32239, 6191, (-1.910, 0.000, 0.574)
48.33072, 6192, (-1.910, 0.000, 0.574)
48.33791, 6193, (-1.910, 0.000, 0.574)
48.34575, 6194, (-1.910, 0.000, 0.574)
48.35207, 6195, (-1.910, 0.000, 0.574)
48.35894, 6196, (-1.910, 0.000, 0.574)
48.36491, 6197, (-1.910, 0.000, 0.574)
48.37117, 6198, (-1.910, 0.000, 0.574)
48.3776, 6199, (-1.910, 0.000, 0.574)
48.38291, 6200, (-1.910, 0.000, 0.574)
48.38904, 6201, (-1.910, 0.000, 0.574)
48.39588, 6202, (-1.910, 0.000, 0.574)
48.40169, 6203, (-1.910, 0.000, 0.574)
48.40759, 6204, (-1.910, 0.000, 0.574)
48.41375, 6205, (-1.910, 0.000, 0.574)
48.42027, 6206, (-1.910, 0.000, 0.574)
48.4262, 6207, (-1.910, 0.000, 0.574)
48.43196, 6208, (-1.910, 0.000, 0.574)
48.43791, 6209, (-1.910, 0.000, 0.574)
48.44559, 6210, (-1.910, 0.000, 0.574)
48.45311, 6211, (-1.910, 0.000, 0.574)
48.4597, 6212, (-1.910, 0.000, 0.574)
48.46578, 6213, (-1.910, 0.000, 0.574)
48.47142, 6214, (-1.910, 0.000, 0.574)
48.47803, 6215, (-1.910, 0.000, 0.574)
48.48447, 6216, (-1.910, 0.000, 0.574)
48.49211, 6217, (-1.910, 0.000, 0.574)
48.49936, 6218, (-1.910, 0.000, 0.574)
48.50706, 6219, (-1.910, 0.000, 0.574)
48.51371, 6220, (-1.910, 0.000, 0.574)
48.51989, 6221, (-1.910, 0.000, 0.574)
48.52806, 6222, (-1.910, 0.000, 0.574)
48.53426, 6223, (-1.910, 0.000, 0.574)
48.54113, 6224, (-1.910, 0.000, 0.574)
48.54752, 6225, (-1.910, 0.000, 0.574)
48.5539, 6226, (-1.910, 0.000, 0.574)
48.56145, 6227, (-1.910, 0.000, 0.574)
48.56698, 6228, (-1.910, 0.000, 0.574)
48.57267, 6229, (-1.910, 0.000, 0.574)
48.57887, 6230, (-1.910, 0.000, 0.574)
48.58538, 6231, (-1.910, 0.000, 0.574)
48.59572, 6232, (-1.910, 0.000, 0.574)
48.60502, 6233, (-1.910, 0.000, 0.574)
48.61629, 6234, (-1.910, 0.000, 0.574)
48.62671, 6235, (-1.910, 0.000, 0.574)
48.63373, 6236, (-1.910, 0.000, 0.574)
48.64138, 6237, (-1.910, 0.000, 0.574)
48.64931, 6238, (-1.910, 0.000, 0.574)
48.65583, 6239, (-1.910, 0.000, 0.574)
48.66336, 6240, (-1.910, 0.000, 0.574)
48.66991, 6241, (-1.910, 0.000, 0.574)
48.67654, 6242, (-1.910, 0.000, 0.574)
48.68366, 6243, (-1.910, 0.000, 0.574)
48.69016, 6244, (-1.910, 0.000, 0.574)
48.6988, 6245, (-1.910, 0.000, 0.574)
48.70538, 6246, (-1.910, 0.000, 0.574)
48.71399, 6247, (-1.910, 0.000, 0.574)
48.72016, 6248, (-1.910, 0.000, 0.574)
48.72691, 6249, (-1.910, 0.000, 0.574)
48.73351, 6250, (-1.910, 0.000, 0.574)
48.74002, 6251, (-1.910, 0.000, 0.574)
48.7471, 6252, (-1.910, 0.000, 0.574)
48.75322, 6253, (-1.910, 0.000, 0.574)
48.75959, 6254, (-1.910, 0.000, 0.574)
48.76531, 6255, (-1.910, 0.000, 0.574)
48.7726, 6256, (-1.910, 0.000, 0.574)
48.77988, 6257, (-1.910, 0.000, 0.574)
48.78575, 6258, (-1.910, 0.000, 0.574)
48.79215, 6259, (-1.910, 0.000, 0.574)
48.79802, 6260, (-1.910, 0.000, 0.574)
48.80383, 6261, (-1.910, 0.000, 0.574)
48.81152, 6262, (-1.910, 0.000, 0.574)
48.81754, 6263, (-1.910, 0.000, 0.574)
48.82465, 6264, (-1.910, 0.000, 0.574)
48.83191, 6265, (-1.910, 0.000, 0.574)
48.83942, 6266, (-1.910, 0.000, 0.574)
48.84788, 6267, (-1.910, 0.000, 0.574)
48.85553, 6268, (-1.910, 0.000, 0.574)
48.86228, 6269, (-1.910, 0.000, 0.574)
48.86859, 6270, (-1.910, 0.000, 0.574)
48.87555, 6271, (-1.910, 0.000, 0.574)
48.88301, 6272, (-1.910, 0.000, 0.574)
48.89004, 6273, (-1.910, 0.000, 0.574)
48.89638, 6274, (-1.910, 0.000, 0.574)
48.90186, 6275, (-1.910, 0.000, 0.574)
48.90897, 6276, (-1.910, 0.000, 0.574)
48.91661, 6277, (-1.910, 0.000, 0.574)
48.92436, 6278, (-1.910, 0.000, 0.574)
48.93175, 6279, (-1.910, 0.000, 0.574)
48.9393, 6280, (-1.910, 0.000, 0.574)
48.94649, 6281, (-1.910, 0.000, 0.574)
48.95413, 6282, (-1.910, 0.000, 0.574)
48.96222, 6283, (-1.910, 0.000, 0.574)
48.96961, 6284, (-1.910, 0.000, 0.574)
48.97748, 6285, (-1.910, 0.000, 0.574)
48.9844, 6286, (-1.910, 0.000, 0.574)
48.99157, 6287, (-1.910, 0.000, 0.574)
48.99893, 6288, (-1.910, 0.000, 0.574)
49.00607, 6289, (-1.910, 0.000, 0.574)
49.01374, 6290, (-1.910, 0.000, 0.574)
49.0207, 6291, (-1.910, 0.000, 0.574)
49.02887, 6292, (-1.910, 0.000, 0.574)
49.03609, 6293, (-1.910, 0.000, 0.574)
49.04367, 6294, (-1.910, 0.000, 0.574)
49.05069, 6295, (-1.910, 0.000, 0.574)
49.05795, 6296, (-1.910, 0.000, 0.574)
49.06491, 6297, (-1.910, 0.000, 0.574)
49.07203, 6298, (-1.910, 0.000, 0.574)
49.07971, 6299, (-1.910, 0.000, 0.574)
49.08708, 6300, (-1.910, 0.000, 0.574)
49.09538, 6301, (-1.910, 0.000, 0.574)
49.10327, 6302, (-1.910, 0.000, 0.574)
49.11115, 6303, (-1.910, 0.000, 0.574)
49.1188, 6304, (-1.910, 0.000, 0.574)
49.12619, 6305, (-1.910, 0.000, 0.574)
49.13364, 6306, (-1.910, 0.000, 0.574)
49.14154, 6307, (-1.910, 0.000, 0.574)
49.14903, 6308, (-1.910, 0.000, 0.574)
49.15574, 6309, (-1.910, 0.000, 0.574)
49.16438, 6310, (-1.910, 0.000, 0.574)
49.1721, 6311, (-1.910, 0.000, 0.574)
49.18124, 6312, (-1.910, 0.000, 0.574)
49.18853, 6313, (-1.910, 0.000, 0.574)
49.19721, 6314, (-1.910, 0.000, 0.574)
49.20386, 6315, (-1.910, 0.000, 0.574)
49.21132, 6316, (-1.910, 0.000, 0.574)
49.21804, 6317, (-1.910, 0.000, 0.574)
49.22563, 6318, (-1.910, 0.000, 0.574)
49.23276, 6319, (-1.910, 0.000, 0.574)
49.23933, 6320, (-1.910, 0.000, 0.574)
49.24545, 6321, (-1.910, 0.000, 0.574)
49.25187, 6322, (-1.910, 0.000, 0.574)
49.25973, 6323, (-1.910, 0.000, 0.574)
49.26683, 6324, (-1.910, 0.000, 0.574)
49.27322, 6325, (-1.910, 0.000, 0.574)
49.28072, 6326, (-1.910, 0.000, 0.574)
49.28811, 6327, (-1.910, 0.000, 0.574)
49.29528, 6328, (-1.910, 0.000, 0.574)
49.3016, 6329, (-1.910, 0.000, 0.574)
49.30877, 6330, (-1.910, 0.000, 0.574)
49.31625, 6331, (-1.910, 0.000, 0.574)
49.32359, 6332, (-1.910, 0.000, 0.574)
49.33166, 6333, (-1.910, 0.000, 0.574)
49.339, 6334, (-1.910, 0.000, 0.574)
49.34603, 6335, (-1.910, 0.000, 0.574)
49.35225, 6336, (-1.910, 0.000, 0.574)
49.35857, 6337, (-1.910, 0.000, 0.574)
49.36446, 6338, (-1.910, 0.000, 0.574)
49.37007, 6339, (-1.910, 0.000, 0.574)
49.37605, 6340, (-1.910, 0.000, 0.574)
49.38158, 6341, (-1.910, 0.000, 0.574)
49.38779, 6342, (-1.910, 0.000, 0.574)
49.39447, 6343, (-1.910, 0.000, 0.574)
49.40095, 6344, (-1.910, 0.000, 0.574)
49.40822, 6345, (-1.910, 0.000, 0.574)
49.41357, 6346, (-1.910, 0.000, 0.574)
49.41991, 6347, (-1.910, 0.000, 0.574)
49.42713, 6348, (-1.910, 0.000, 0.574)
49.43274, 6349, (-1.910, 0.000, 0.574)
49.43891, 6350, (-1.910, 0.000, 0.574)
49.44518, 6351, (-1.910, 0.000, 0.574)
49.45076, 6352, (-1.910, 0.000, 0.574)
49.45644, 6353, (-1.910, 0.000, 0.574)
49.46469, 6354, (-1.910, 0.000, 0.574)
49.471, 6355, (-1.910, 0.000, 0.574)
49.47827, 6356, (-1.910, 0.000, 0.574)
49.48782, 6357, (-1.910, 0.000, 0.574)
49.49778, 6358, (-1.910, 0.000, 0.574)
49.50548, 6359, (-1.910, 0.000, 0.574)
49.51347, 6360, (-1.910, 0.000, 0.574)
49.52027, 6361, (-1.910, 0.000, 0.574)
49.52686, 6362, (-1.910, 0.000, 0.574)
49.53423, 6363, (-1.910, 0.000, 0.574)
49.54378, 6364, (-1.910, 0.000, 0.574)
49.55129, 6365, (-1.910, 0.000, 0.574)
49.55843, 6366, (-1.910, 0.000, 0.574)
49.56525, 6367, (-1.910, 0.000, 0.574)
49.57152, 6368, (-1.910, 0.000, 0.574)
49.57722, 6369, (-1.910, 0.000, 0.574)
49.58332, 6370, (-1.910, 0.000, 0.574)
49.58931, 6371, (-1.910, 0.000, 0.574)
49.59589, 6372, (-1.910, 0.000, 0.574)
49.61076, 6373, (-1.910, 0.000, 0.574)
49.61878, 6374, (-1.910, 0.000, 0.574)
49.62688, 6375, (-1.910, 0.000, 0.574)
49.63389, 6376, (-1.910, 0.000, 0.574)
49.64082, 6377, (-1.910, 0.000, 0.574)
49.64654, 6378, (-1.910, 0.000, 0.574)
49.65232, 6379, (-1.910, 0.000, 0.574)
49.65832, 6380, (-1.910, 0.000, 0.574)
49.66414, 6381, (-1.910, 0.000, 0.574)
49.66985, 6382, (-1.910, 0.000, 0.574)
49.6764, 6383, (-1.910, 0.000, 0.574)
49.68293, 6384, (-1.910, 0.000, 0.574)
49.68974, 6385, (-1.910, 0.000, 0.574)
49.69779, 6386, (-1.910, 0.000, 0.574)
49.7048, 6387, (-1.910, 0.000, 0.574)
49.71173, 6388, (-1.910, 0.000, 0.574)
49.71867, 6389, (-1.910, 0.000, 0.574)
49.72622, 6390, (-1.910, 0.000, 0.574)
49.73315, 6391, (-1.910, 0.000, 0.574)
49.74099, 6392, (-1.910, 0.000, 0.574)
49.74899, 6393, (-1.910, 0.000, 0.574)
49.75562, 6394, (-1.910, 0.000, 0.574)
49.76191, 6395, (-1.910, 0.000, 0.574)
49.76787, 6396, (-1.910, 0.000, 0.574)
49.77361, 6397, (-1.910, 0.000, 0.574)
49.7801, 6398, (-1.910, 0.000, 0.574)
49.78647, 6399, (-1.910, 0.000, 0.574)
49.79385, 6400, (-1.910, 0.000, 0.574)
49.80054, 6401, (-1.910, 0.000, 0.574)
49.80744, 6402, (-1.910, 0.000, 0.574)
49.81389, 6403, (-1.910, 0.000, 0.574)
49.82009, 6404, (-1.910, 0.000, 0.574)
49.82816, 6405, (-1.910, 0.000, 0.574)
49.83417, 6406, (-1.910, 0.000, 0.574)
49.84021, 6407, (-1.910, 0.000, 0.574)
49.84698, 6408, (-1.910, 0.000, 0.574)
49.85392, 6409, (-1.910, 0.000, 0.574)
49.85973, 6410, (-1.910, 0.000, 0.574)
49.86636, 6411, (-1.910, 0.000, 0.574)
49.87317, 6412, (-1.910, 0.000, 0.574)
49.8805, 6413, (-1.910, 0.000, 0.574)
49.88643, 6414, (-1.910, 0.000, 0.574)
49.89378, 6415, (-1.910, 0.000, 0.574)
49.90054, 6416, (-1.910, 0.000, 0.574)
49.90617, 6417, (-1.910, 0.000, 0.574)
49.91246, 6418, (-1.910, 0.000, 0.574)
49.91801, 6419, (-1.910, 0.000, 0.574)
49.92394, 6420, (-1.910, 0.000, 0.574)
49.93015, 6421, (-1.910, 0.000, 0.574)
49.93608, 6422, (-1.910, 0.000, 0.574)
49.94225, 6423, (-1.910, 0.000, 0.574)
49.94789, 6424, (-1.910, 0.000, 0.574)
49.95421, 6425, (-1.910, 0.000, 0.574)
49.96054, 6426, (-1.910, 0.000, 0.574)
49.9664, 6427, (-1.910, 0.000, 0.574)
49.97509, 6428, (-1.910, 0.000, 0.574)
49.98284, 6429, (-1.910, 0.000, 0.574)
49.99125, 6430, (-1.910, 0.000, 0.574)
49.99886, 6431, (-1.910, 0.000, 0.574)
50.00714, 6432, (-1.910, 0.000, 0.574)
50.01424, 6433, (-1.910, 0.000, 0.574)
50.0221, 6434, (-1.910, 0.000, 0.574)
50.02975, 6435, (-1.910, 0.000, 0.574)
50.03663, 6436, (-1.910, 0.000, 0.574)
50.04409, 6437, (-1.910, 0.000, 0.574)
50.04987, 6438, (-1.910, 0.000, 0.574)
50.05611, 6439, (-1.910, 0.000, 0.574)
50.06238, 6440, (-1.910, 0.000, 0.574)
50.06815, 6441, (-1.910, 0.000, 0.574)
50.07456, 6442, (-1.910, 0.000, 0.574)
50.08087, 6443, (-1.910, 0.000, 0.574)
50.08691, 6444, (-1.910, 0.000, 0.574)
50.09305, 6445, (-1.910, 0.000, 0.574)
50.09912, 6446, (-1.910, 0.000, 0.574)
50.10514, 6447, (-1.910, 0.000, 0.574)
50.11251, 6448, (-1.910, 0.000, 0.574)
50.12038, 6449, (-1.910, 0.000, 0.574)
50.1272, 6450, (-1.910, 0.000, 0.574)
50.13365, 6451, (-1.910, 0.000, 0.574)
50.13968, 6452, (-1.910, 0.000, 0.574)
50.1463, 6453, (-1.910, 0.000, 0.574)
50.1545, 6454, (-1.910, 0.000, 0.574)
50.16279, 6455, (-1.910, 0.000, 0.574)
50.16998, 6456, (-1.910, 0.000, 0.574)
50.17841, 6457, (-1.910, 0.000, 0.574)
50.18499, 6458, (-1.910, 0.000, 0.574)
50.19215, 6459, (-1.910, 0.000, 0.574)
50.1996, 6460, (-1.910, 0.000, 0.574)
50.20823, 6461, (-1.910, 0.000, 0.574)
50.2151, 6462, (-1.910, 0.000, 0.574)
50.22186, 6463, (-1.910, 0.000, 0.574)
50.22939, 6464, (-1.910, 0.000, 0.574)
50.23593, 6465, (-1.910, 0.000, 0.574)
50.24261, 6466, (-1.910, 0.000, 0.574)
50.24923, 6467, (-1.910, 0.000, 0.574)
50.25612, 6468, (-1.910, 0.000, 0.574)
50.26392, 6469, (-1.910, 0.000, 0.574)
50.27142, 6470, (-1.910, 0.000, 0.574)
50.27916, 6471, (-1.910, 0.000, 0.574)
50.28445, 6472, (-1.910, 0.000, 0.574)
50.2911, 6473, (-1.910, 0.000, 0.574)
50.29797, 6474, (-1.910, 0.000, 0.574)
50.30487, 6475, (-1.910, 0.000, 0.574)
50.3116, 6476, (-1.910, 0.000, 0.574)
50.31727, 6477, (-1.910, 0.000, 0.574)
50.32355, 6478, (-1.910, 0.000, 0.574)
50.32935, 6479, (-1.910, 0.000, 0.574)
50.33509, 6480, (-1.910, 0.000, 0.574)
50.34431, 6481, (-1.910, 0.000, 0.574)
50.35247, 6482, (-1.910, 0.000, 0.574)
50.36141, 6483, (-1.910, 0.000, 0.574)
50.36881, 6484, (-1.910, 0.000, 0.574)
50.37688, 6485, (-1.910, 0.000, 0.574)
50.38396, 6486, (-1.910, 0.000, 0.574)
50.39135, 6487, (-1.910, 0.000, 0.574)
50.39856, 6488, (-1.910, 0.000, 0.574)
50.40593, 6489, (-1.910, 0.000, 0.574)
50.41331, 6490, (-1.910, 0.000, 0.574)
50.42001, 6491, (-1.910, 0.000, 0.574)
50.42836, 6492, (-1.910, 0.000, 0.574)
50.43559, 6493, (-1.910, 0.000, 0.574)
50.44362, 6494, (-1.910, 0.000, 0.574)
50.45052, 6495, (-1.910, 0.000, 0.574)
50.45784, 6496, (-1.910, 0.000, 0.574)
50.4656, 6497, (-1.910, 0.000, 0.574)
50.47311, 6498, (-1.910, 0.000, 0.574)
50.48101, 6499, (-1.910, 0.000, 0.574)
50.48774, 6500, (-1.910, 0.000, 0.574)
50.49562, 6501, (-1.910, 0.000, 0.574)
50.50243, 6502, (-1.910, 0.000, 0.574)
50.50963, 6503, (-1.910, 0.000, 0.574)
50.51536, 6504, (-1.910, 0.000, 0.574)
50.52235, 6505, (-1.910, 0.000, 0.574)
50.53259, 6506, (-1.910, 0.000, 0.574)
50.54474, 6507, (-1.910, 0.000, 0.574)
50.55241, 6508, (-1.910, 0.000, 0.574)
50.56076, 6509, (-1.910, 0.000, 0.574)
50.5676, 6510, (-1.910, 0.000, 0.574)
50.57547, 6511, (-1.910, 0.000, 0.574)
50.58202, 6512, (-1.910, 0.000, 0.574)
50.58871, 6513, (-1.910, 0.000, 0.574)
50.59624, 6514, (-1.910, 0.000, 0.574)
50.60287, 6515, (-1.910, 0.000, 0.574)
50.61033, 6516, (-1.910, 0.000, 0.574)
50.61646, 6517, (-1.910, 0.000, 0.574)
50.62199, 6518, (-1.910, 0.000, 0.574)
50.62838, 6519, (-1.910, 0.000, 0.574)
50.63379, 6520, (-1.910, 0.000, 0.574)
50.64085, 6521, (-1.910, 0.000, 0.574)
50.647, 6522, (-1.910, 0.000, 0.574)
50.65343, 6523, (-1.910, 0.000, 0.574)
50.65958, 6524, (-1.910, 0.000, 0.574)
50.66502, 6525, (-1.910, 0.000, 0.574)
50.67069, 6526, (-1.910, 0.000, 0.574)
50.6786, 6527, (-1.910, 0.000, 0.574)
50.68562, 6528, (-1.910, 0.000, 0.574)
50.69321, 6529, (-1.910, 0.000, 0.574)
50.70082, 6530, (-1.910, 0.000, 0.574)
50.70789, 6531, (-1.910, 0.000, 0.574)
50.715, 6532, (-1.910, 0.000, 0.574)
50.72072, 6533, (-1.910, 0.000, 0.574)
50.72681, 6534, (-1.910, 0.000, 0.574)
50.73299, 6535, (-1.910, 0.000, 0.574)
50.73936, 6536, (-1.910, 0.000, 0.574)
50.74634, 6537, (-1.910, 0.000, 0.574)
50.75281, 6538, (-1.910, 0.000, 0.574)
50.75927, 6539, (-1.910, 0.000, 0.574)
50.76447, 6540, (-1.910, 0.000, 0.574)
50.77105, 6541, (-1.910, 0.000, 0.574)
50.77787, 6542, (-1.910, 0.000, 0.574)
50.78746, 6543, (-1.910, 0.000, 0.574)
50.80237, 6544, (-1.910, 0.000, 0.574)
50.81847, 6545, (-1.910, 0.000, 0.574)
50.83313, 6546, (-1.911, 0.000, 0.575)
50.84972, 6547, (-1.912, 0.000, 0.576)
50.86623, 6548, (-1.914, 0.000, 0.577)
50.8829, 6549, (-1.915, 0.000, 0.578)
50.89775, 6550, (-1.916, 0.000, 0.579)
50.9131, 6551, (-1.917, 0.000, 0.579)
50.9278, 6552, (-1.917, 0.000, 0.579)
50.94199, 6553, (-1.919, 0.000, 0.580)
50.95581, 6554, (-1.920, 0.000, 0.581)
50.97057, 6555, (-1.921, 0.000, 0.582)
50.9859, 6556, (-1.922, 0.000, 0.583)
51.00138, 6557, (-1.923, 0.000, 0.584)
51.01775, 6558, (-1.924, 0.000, 0.585)
51.03383, 6559, (-1.925, 0.000, 0.585)
51.05265, 6560, (-1.927, 0.000, 0.587)
51.06904, 6561, (-1.929, 0.000, 0.588)
51.08414, 6562, (-1.931, 0.000, 0.589)
51.09873, 6563, (-1.932, 0.000, 0.590)
51.11379, 6564, (-1.934, 0.000, 0.592)
51.12542, 6565, (-1.934, 0.000, 0.592)
51.13844, 6566, (-1.937, 0.000, 0.594)
51.16883, 6567, (-1.940, 0.000, 0.596)
51.18445, 6568, (-1.940, 0.000, 0.596)
51.20073, 6569, (-1.941, 0.000, 0.597)
51.21333, 6570, (-1.941, 0.000, 0.597)
51.21994, 6571, (-1.941, 0.000, 0.597)
51.22694, 6572, (-1.941, 0.000, 0.597)
51.23221, 6573, (-1.941, 0.000, 0.597)
51.23858, 6574, (-1.941, 0.000, 0.597)
51.24429, 6575, (-1.941, 0.000, 0.597)
51.25161, 6576, (-1.941, 0.000, 0.597)
51.26007, 6577, (-1.941, 0.000, 0.597)
51.26746, 6578, (-1.941, 0.000, 0.597)
51.27563, 6579, (-1.941, 0.000, 0.597)
51.28194, 6580, (-1.941, 0.000, 0.597)
51.28902, 6581, (-1.941, 0.000, 0.597)
51.2961, 6582, (-1.941, 0.000, 0.597)
51.30272, 6583, (-1.941, 0.000, 0.597)
51.30965, 6584, (-1.941, 0.000, 0.597)
51.31628, 6585, (-1.941, 0.000, 0.597)
51.32294, 6586, (-1.941, 0.000, 0.597)
51.32963, 6587, (-1.941, 0.000, 0.597)
51.3367, 6588, (-1.941, 0.000, 0.597)
51.34408, 6589, (-1.941, 0.000, 0.597)
51.35052, 6590, (-1.941, 0.000, 0.597)
51.35725, 6591, (-1.941, 0.000, 0.597)
51.36334, 6592, (-1.941, 0.000, 0.597)
51.37048, 6593, (-1.941, 0.000, 0.597)
51.37764, 6594, (-1.941, 0.000, 0.597)
51.38526, 6595, (-1.941, 0.000, 0.597)
51.39327, 6596, (-1.941, 0.000, 0.597)
51.40057, 6597, (-1.941, 0.000, 0.597)
51.40866, 6598, (-1.941, 0.000, 0.597)
51.41607, 6599, (-1.941, 0.000, 0.597)
51.42395, 6600, (-1.941, 0.000, 0.597)
51.43126, 6601, (-1.941, 0.000, 0.597)
51.43741, 6602, (-1.941, 0.000, 0.597)
51.44566, 6603, (-1.941, 0.000, 0.597)
51.4529, 6604, (-1.941, 0.000, 0.597)
51.4604, 6605, (-1.941, 0.000, 0.597)
51.46864, 6606, (-1.941, 0.000, 0.597)
51.47801, 6607, (-1.941, 0.000, 0.597)
51.48552, 6608, (-1.941, 0.000, 0.597)
51.49355, 6609, (-1.941, 0.000, 0.597)
51.50041, 6610, (-1.941, 0.000, 0.597)
51.50749, 6611, (-1.941, 0.000, 0.597)
51.51387, 6612, (-1.941, 0.000, 0.597)
51.52148, 6613, (-1.941, 0.000, 0.597)
51.52947, 6614, (-1.941, 0.000, 0.597)
51.53585, 6615, (-1.941, 0.000, 0.597)
51.54255, 6616, (-1.941, 0.000, 0.597)
51.54883, 6617, (-1.941, 0.000, 0.597)
51.55497, 6618, (-1.941, 0.000, 0.597)
51.56113, 6619, (-1.941, 0.000, 0.597)
51.56713, 6620, (-1.941, 0.000, 0.597)
51.57485, 6621, (-1.941, 0.000, 0.597)
51.58228, 6622, (-1.941, 0.000, 0.597)
51.59202, 6623, (-1.941, 0.000, 0.597)
51.5997, 6624, (-1.941, 0.000, 0.597)
51.60758, 6625, (-1.941, 0.000, 0.597)
51.61448, 6626, (-1.941, 0.000, 0.597)
51.62239, 6627, (-1.941, 0.000, 0.597)
51.63461, 6628, (-1.940, 0.000, 0.596)
51.6544, 6629, (-1.937, 0.000, 0.594)
51.67118, 6630, (-1.935, 0.000, 0.593)
51.6878, 6631, (-1.934, 0.000, 0.592)
51.70077, 6632, (-1.934, 0.000, 0.592)
51.71352, 6633, (-1.933, 0.000, 0.591)
51.73015, 6634, (-1.933, 0.000, 0.591)
51.74596, 6635, (-1.932, 0.000, 0.590)
51.76113, 6636, (-1.931, 0.000, 0.590)
51.77673, 6637, (-1.930, 0.000, 0.589)
51.79316, 6638, (-1.928, 0.000, 0.587)
51.81158, 6639, (-1.924, 0.000, 0.584)
51.82875, 6640, (-1.922, 0.000, 0.583)
51.8451, 6641, (-1.920, 0.000, 0.581)
51.86508, 6642, (-1.917, 0.000, 0.579)
51.88096, 6643, (-1.916, 0.000, 0.579)
51.89698, 6644, (-1.915, 0.000, 0.578)
51.91026, 6645, (-1.915, 0.000, 0.578)
51.91757, 6646, (-1.915, 0.000, 0.578)
51.926, 6647, (-1.915, 0.000, 0.578)
51.93351, 6648, (-1.915, 0.000, 0.578)
51.94168, 6649, (-1.915, 0.000, 0.578)
51.94946, 6650, (-1.915, 0.000, 0.578)
51.95745, 6651, (-1.915, 0.000, 0.578)
51.96486, 6652, (-1.915, 0.000, 0.578)
51.97245, 6653, (-1.915, 0.000, 0.578)
51.98093, 6654, (-1.915, 0.000, 0.578)
51.98804, 6655, (-1.915, 0.000, 0.578)
51.99696, 6656, (-1.915, 0.000, 0.578)
52.0035, 6657, (-1.915, 0.000, 0.578)
52.01186, 6658, (-1.915, 0.000, 0.578)
52.01886, 6659, (-1.915, 0.000, 0.578)
52.0262, 6660, (-1.915, 0.000, 0.578)
52.03391, 6661, (-1.915, 0.000, 0.578)
52.04256, 6662, (-1.915, 0.000, 0.578)
52.05, 6663, (-1.915, 0.000, 0.578)
52.05747, 6664, (-1.915, 0.000, 0.578)
52.0647, 6665, (-1.915, 0.000, 0.578)
52.0713, 6666, (-1.915, 0.000, 0.578)
52.0771, 6667, (-1.915, 0.000, 0.578)
52.08269, 6668, (-1.915, 0.000, 0.578)
52.08816, 6669, (-1.915, 0.000, 0.578)
52.09412, 6670, (-1.915, 0.000, 0.578)
52.10019, 6671, (-1.915, 0.000, 0.578)
52.1059, 6672, (-1.915, 0.000, 0.578)
52.11262, 6673, (-1.915, 0.000, 0.578)
52.11896, 6674, (-1.915, 0.000, 0.578)
52.12672, 6675, (-1.915, 0.000, 0.578)
52.13411, 6676, (-1.915, 0.000, 0.578)
52.14608, 6677, (-1.914, 0.000, 0.577)
52.16369, 6678, (-1.911, 0.000, 0.575)
52.1795, 6679, (-1.907, 0.000, 0.572)
59.82346, 7648, (-1.864, 0.000, 0.493)
59.84084, 7649, (-1.868, 0.000, 0.487)
59.855, 7650, (-1.868, 0.000, 0.487)
59.86173, 7651, (-1.868, 0.000, 0.487)
59.86995, 7652, (-1.868, 0.000, 0.487)
59.87783, 7653, (-1.868, 0.000, 0.487)
59.88892, 7654, (-1.872, 0.000, 0.479)
59.90036, 7655, (-1.872, 0.000, 0.479)
59.90775, 7656, (-1.872, 0.000, 0.479)
59.91732, 7657, (-1.876, 0.000, 0.473)
59.93036, 7658, (-1.876, 0.000, 0.473)
59.93831, 7659, (-1.876, 0.000, 0.473)
59.94504, 7660, (-1.876, 0.000, 0.473)
59.95186, 7661, (-1.876, 0.000, 0.473)
59.96018, 7662, (-1.876, 0.000, 0.473)
59.96753, 7663, (-1.876, 0.000, 0.473)
59.98204, 7664, (-1.881, 0.000, 0.465)
59.99485, 7665, (-1.881, 0.000, 0.465)
60.00175, 7666, (-1.881, 0.000, 0.465)
60.01107, 7667, (-1.881, 0.000, 0.465)
60.01855, 7668, (-1.881, 0.000, 0.465)
60.0298, 7669, (-1.884, 0.000, 0.459)
60.04209, 7670, (-1.884, 0.000, 0.459)
60.04848, 7671, (-1.884, 0.000, 0.459)
60.05923, 7672, (-1.888, 0.000, 0.453)
60.07184, 7673, (-1.888, 0.000, 0.453)
60.07906, 7674, (-1.888, 0.000, 0.453)
60.08669, 7675, (-1.888, 0.000, 0.453)
60.09558, 7676, (-1.888, 0.000, 0.453)
60.10739, 7677, (-1.892, 0.000, 0.447)
60.11927, 7678, (-1.892, 0.000, 0.447)
60.12698, 7679, (-1.892, 0.000, 0.447)
60.13405, 7680, (-1.892, 0.000, 0.447)
60.14117, 7681, (-1.892, 0.000, 0.447)
60.14772, 7682, (-1.892, 0.000, 0.447)
60.15533, 7683, (-1.892, 0.000, 0.447)
60.16222, 7684, (-1.892, 0.000, 0.447)
60.16918, 7685, (-1.892, 0.000, 0.447)
60.17678, 7686, (-1.892, 0.000, 0.447)
60.18404, 7687, (-1.892, 0.000, 0.447)
60.1917, 7688, (-1.892, 0.000, 0.447)
60.19827, 7689, (-1.892, 0.000, 0.447)
60.20623, 7690, (-1.892, 0.000, 0.447)
60.21349, 7691, (-1.892, 0.000, 0.447)
60.22089, 7692, (-1.892, 0.000, 0.447)
60.22859, 7693, (-1.892, 0.000, 0.447)
60.23532, 7694, (-1.892, 0.000, 0.447)
60.24376, 7695, (-1.892, 0.000, 0.447)
60.25092, 7696, (-1.892, 0.000, 0.447)
60.25854, 7697, (-1.892, 0.000, 0.447)
60.26543, 7698, (-1.892, 0.000, 0.447)
60.27293, 7699, (-1.892, 0.000, 0.447)
60.28008, 7700, (-1.892, 0.000, 0.447)
60.28608, 7701, (-1.892, 0.000, 0.447)
60.29173, 7702, (-1.892, 0.000, 0.447)
60.29763, 7703, (-1.892, 0.000, 0.447)
60.30466, 7704, (-1.892, 0.000, 0.447)
60.31106, 7705, (-1.892, 0.000, 0.447)
60.3166, 7706, (-1.892, 0.000, 0.447)
60.32373, 7707, (-1.892, 0.000, 0.447)
60.32916, 7708, (-1.892, 0.000, 0.447)
60.33442, 7709, (-1.892, 0.000, 0.447)
60.3411, 7710, (-1.892, 0.000, 0.447)
60.34683, 7711, (-1.892, 0.000, 0.447)
60.35315, 7712, (-1.892, 0.000, 0.447)
60.35973, 7713, (-1.892, 0.000, 0.447)
60.36606, 7714, (-1.892, 0.000, 0.447)
60.37354, 7715, (-1.892, 0.000, 0.447)
60.38013, 7716, (-1.892, 0.000, 0.447)
60.38794, 7717, (-1.892, 0.000, 0.447)
60.39524, 7718, (-1.892, 0.000, 0.447)
60.40138, 7719, (-1.892, 0.000, 0.447)
60.41137, 7720, (-1.892, 0.000, 0.447)
60.425, 7721, (-1.892, 0.000, 0.447)
60.43246, 7722, (-1.892, 0.000, 0.447)
60.44074, 7723, (-1.892, 0.000, 0.447)
60.44776, 7724, (-1.892, 0.000, 0.447)
60.45586, 7725, (-1.892, 0.000, 0.447)
60.46317, 7726, (-1.892, 0.000, 0.447)
60.4687, 7727, (-1.892, 0.000, 0.447)
60.47515, 7728, (-1.892, 0.000, 0.447)
60.48236, 7729, (-1.892, 0.000, 0.447)
60.48934, 7730, (-1.892, 0.000, 0.447)
60.49585, 7731, (-1.892, 0.000, 0.447)
60.5023, 7732, (-1.892, 0.000, 0.447)
60.50934, 7733, (-1.892, 0.000, 0.447)
60.51723, 7734, (-1.892, 0.000, 0.447)
60.52605, 7735, (-1.892, 0.000, 0.447)
60.53337, 7736, (-1.892, 0.000, 0.447)
60.54166, 7737, (-1.892, 0.000, 0.447)
60.54928, 7738, (-1.892, 0.000, 0.447)
60.55737, 7739, (-1.892, 0.000, 0.447)
60.56449, 7740, (-1.892, 0.000, 0.447)
60.57174, 7741, (-1.892, 0.000, 0.447)
60.57818, 7742, (-1.892, 0.000, 0.447)
60.58386, 7743, (-1.892, 0.000, 0.447)
60.59019, 7744, (-1.892, 0.000, 0.447)
60.59581, 7745, (-1.892, 0.000, 0.447)
60.603, 7746, (-1.892, 0.000, 0.447)
60.61153, 7747, (-1.892, 0.000, 0.447)
60.61921, 7748, (-1.892, 0.000, 0.447)
60.62681, 7749, (-1.892, 0.000, 0.447)
60.63382, 7750, (-1.892, 0.000, 0.447)
60.64148, 7751, (-1.892, 0.000, 0.447)
60.6483, 7752, (-1.892, 0.000, 0.447)
60.65501, 7753, (-1.892, 0.000, 0.447)
60.66121, 7754, (-1.892, 0.000, 0.447)
60.66793, 7755, (-1.892, 0.000, 0.447)
60.67431, 7756, (-1.892, 0.000, 0.447)
60.68152, 7757, (-1.892, 0.000, 0.447)
60.68901, 7758, (-1.892, 0.000, 0.447)
60.69574, 7759, (-1.892, 0.000, 0.447)
60.7019, 7760, (-1.892, 0.000, 0.447)
60.70916, 7761, (-1.892, 0.000, 0.447)
60.71632, 7762, (-1.892, 0.000, 0.447)
60.72279, 7763, (-1.892, 0.000, 0.447)
60.72838, 7764, (-1.892, 0.000, 0.447)
60.7347, 7765, (-1.892, 0.000, 0.447)
60.74282, 7766, (-1.892, 0.000, 0.447)
60.75031, 7767, (-1.892, 0.000, 0.447)
60.75738, 7768, (-1.892, 0.000, 0.447)
60.76297, 7769, (-1.892, 0.000, 0.447)
60.76933, 7770, (-1.892, 0.000, 0.447)
60.77617, 7771, (-1.892, 0.000, 0.447)
60.78296, 7772, (-1.892, 0.000, 0.447)
60.79027, 7773, (-1.892, 0.000, 0.447)
60.79703, 7774, (-1.892, 0.000, 0.447)
60.80458, 7775, (-1.892, 0.000, 0.447)
60.81183, 7776, (-1.892, 0.000, 0.447)
60.81933, 7777, (-1.892, 0.000, 0.447)
60.82664, 7778, (-1.892, 0.000, 0.447)
60.8326, 7779, (-1.892, 0.000, 0.447)
60.83892, 7780, (-1.892, 0.000, 0.447)
60.84559, 7781, (-1.892, 0.000, 0.447)
60.85476, 7782, (-1.892, 0.000, 0.447)
60.86185, 7783, (-1.892, 0.000, 0.447)
60.86979, 7784, (-1.892, 0.000, 0.447)
60.87748, 7785, (-1.892, 0.000, 0.447)
60.88472, 7786, (-1.892, 0.000, 0.447)
60.89175, 7787, (-1.892, 0.000, 0.447)
60.89816, 7788, (-1.892, 0.000, 0.447)
60.90483, 7789, (-1.892, 0.000, 0.447)
60.91201, 7790, (-1.892, 0.000, 0.447)
60.91866, 7791, (-1.892, 0.000, 0.447)
60.92523, 7792, (-1.892, 0.000, 0.447)
60.93212, 7793, (-1.892, 0.000, 0.447)
60.93973, 7794, (-1.892, 0.000, 0.447)
60.94624, 7795, (-1.892, 0.000, 0.447)
60.95277, 7796, (-1.892, 0.000, 0.447)
60.95985, 7797, (-1.892, 0.000, 0.447)
60.96653, 7798, (-1.892, 0.000, 0.447)
60.97416, 7799, (-1.892, 0.000, 0.447)
60.98104, 7800, (-1.892, 0.000, 0.447)
60.98919, 7801, (-1.892, 0.000, 0.447)
60.99629, 7802, (-1.892, 0.000, 0.447)
61.00252, 7803, (-1.892, 0.000, 0.447)
61.00948, 7804, (-1.892, 0.000, 0.447)
61.01548, 7805, (-1.892, 0.000, 0.447)
61.02137, 7806, (-1.892, 0.000, 0.447)
61.02705, 7807, (-1.892, 0.000, 0.447)
61.03362, 7808, (-1.892, 0.000, 0.447)
61.04121, 7809, (-1.892, 0.000, 0.447)
61.04768, 7810, (-1.892, 0.000, 0.447)
61.05556, 7811, (-1.892, 0.000, 0.447)
61.06218, 7812, (-1.892, 0.000, 0.447)
61.06889, 7813, (-1.892, 0.000, 0.447)
61.07712, 7814, (-1.892, 0.000, 0.447)
61.08424, 7815, (-1.892, 0.000, 0.447)
61.09178, 7816, (-1.892, 0.000, 0.447)
61.09905, 7817, (-1.892, 0.000, 0.447)
61.10673, 7818, (-1.892, 0.000, 0.447)
61.11334, 7819, (-1.892, 0.000, 0.447)
61.12028, 7820, (-1.892, 0.000, 0.447)
61.12691, 7821, (-1.892, 0.000, 0.447)
61.13304, 7822, (-1.892, 0.000, 0.447)
61.13934, 7823, (-1.892, 0.000, 0.447)
61.14467, 7824, (-1.892, 0.000, 0.447)
61.15018, 7825, (-1.892, 0.000, 0.447)
61.1568, 7826, (-1.892, 0.000, 0.447)
61.16385, 7827, (-1.892, 0.000, 0.447)
61.17079, 7828, (-1.892, 0.000, 0.447)
61.17712, 7829, (-1.892, 0.000, 0.447)
61.1828, 7830, (-1.892, 0.000, 0.447)
61.18897, 7831, (-1.892, 0.000, 0.447)
61.19463, 7832, (-1.892, 0.000, 0.447)
61.20035, 7833, (-1.892, 0.000, 0.447)
61.20644, 7834, (-1.892, 0.000, 0.447)
61.21233, 7835, (-1.892, 0.000, 0.447)
61.21957, 7836, (-1.892, 0.000, 0.447)
61.22522, 7837, (-1.892, 0.000, 0.447)
61.23117, 7838, (-1.892, 0.000, 0.447)
61.23695, 7839, (-1.892, 0.000, 0.447)
61.24274, 7840, (-1.892, 0.000, 0.447)
61.24847, 7841, (-1.892, 0.000, 0.447)
61.25478, 7842, (-1.892, 0.000, 0.447)
61.26097, 7843, (-1.892, 0.000, 0.447)
61.26723, 7844, (-1.892, 0.000, 0.447)
61.27523, 7845, (-1.892, 0.000, 0.447)
61.28354, 7846, (-1.892, 0.000, 0.447)
61.29156, 7847, (-1.892, 0.000, 0.447)
61.29821, 7848, (-1.892, 0.000, 0.447)
61.30493, 7849, (-1.892, 0.000, 0.447)
61.31227, 7850, (-1.892, 0.000, 0.447)
61.31943, 7851, (-1.892, 0.000, 0.447)
61.32635, 7852, (-1.892, 0.000, 0.447)
61.33256, 7853, (-1.892, 0.000, 0.447)
61.34094, 7854, (-1.892, 0.000, 0.447)
61.34865, 7855, (-1.892, 0.000, 0.447)
61.35642, 7856, (-1.892, 0.000, 0.447)
61.3636, 7857, (-1.892, 0.000, 0.447)
61.37101, 7858, (-1.892, 0.000, 0.447)
61.37778, 7859, (-1.892, 0.000, 0.447)
61.38554, 7860, (-1.892, 0.000, 0.447)
61.39207, 7861, (-1.892, 0.000, 0.447)
61.39855, 7862, (-1.892, 0.000, 0.447)
61.40535, 7863, (-1.892, 0.000, 0.447)
61.41177, 7864, (-1.892, 0.000, 0.447)
61.41819, 7865, (-1.892, 0.000, 0.447)
61.42551, 7866, (-1.892, 0.000, 0.447)
61.43214, 7867, (-1.892, 0.000, 0.447)
61.44004, 7868, (-1.892, 0.000, 0.447)
61.44663, 7869, (-1.892, 0.000, 0.447)
61.45412, 7870, (-1.892, 0.000, 0.447)
61.46147, 7871, (-1.892, 0.000, 0.447)
61.4682, 7872, (-1.892, 0.000, 0.447)
61.4761, 7873, (-1.892, 0.000, 0.447)
61.48314, 7874, (-1.892, 0.000, 0.447)
61.49057, 7875, (-1.892, 0.000, 0.447)
61.49701, 7876, (-1.892, 0.000, 0.447)
61.50467, 7877, (-1.892, 0.000, 0.447)
61.5119, 7878, (-1.892, 0.000, 0.447)
61.51899, 7879, (-1.892, 0.000, 0.447)
61.52656, 7880, (-1.892, 0.000, 0.447)
61.53295, 7881, (-1.892, 0.000, 0.447)
61.53992, 7882, (-1.892, 0.000, 0.447)
61.54723, 7883, (-1.892, 0.000, 0.447)
61.55439, 7884, (-1.892, 0.000, 0.447)
61.56115, 7885, (-1.892, 0.000, 0.447)
61.56812, 7886, (-1.892, 0.000, 0.447)
61.57458, 7887, (-1.892, 0.000, 0.447)
61.58102, 7888, (-1.892, 0.000, 0.447)
61.58909, 7889, (-1.892, 0.000, 0.447)
61.59505, 7890, (-1.892, 0.000, 0.447)
61.60164, 7891, (-1.892, 0.000, 0.447)
61.6087, 7892, (-1.892, 0.000, 0.447)
61.61456, 7893, (-1.892, 0.000, 0.447)
61.6215, 7894, (-1.892, 0.000, 0.447)
61.62842, 7895, (-1.892, 0.000, 0.447)
61.63412, 7896, (-1.892, 0.000, 0.447)
61.64129, 7897, (-1.892, 0.000, 0.447)
61.64774, 7898, (-1.892, 0.000, 0.447)
61.65505, 7899, (-1.892, 0.000, 0.447)
61.66821, 7900, (-1.892, 0.000, 0.447)
61.67608, 7901, (-1.892, 0.000, 0.447)
61.6832, 7902, (-1.892, 0.000, 0.447)
61.69118, 7903, (-1.892, 0.000, 0.447)
61.69744, 7904, (-1.892, 0.000, 0.447)
61.70475, 7905, (-1.892, 0.000, 0.447)
61.71206, 7906, (-1.892, 0.000, 0.447)
61.7187, 7907, (-1.892, 0.000, 0.447)
61.72512, 7908, (-1.892, 0.000, 0.447)
61.73143, 7909, (-1.892, 0.000, 0.447)
61.73944, 7910, (-1.892, 0.000, 0.447)
61.74622, 7911, (-1.892, 0.000, 0.447)
61.75366, 7912, (-1.892, 0.000, 0.447)
61.76046, 7913, (-1.892, 0.000, 0.447)
61.76625, 7914, (-1.892, 0.000, 0.447)
61.77277, 7915, (-1.892, 0.000, 0.447)
61.77969, 7916, (-1.892, 0.000, 0.447)
61.78716, 7917, (-1.892, 0.000, 0.447)
61.79527, 7918, (-1.892, 0.000, 0.447)
61.80158, 7919, (-1.892, 0.000, 0.447)
61.80886, 7920, (-1.892, 0.000, 0.447)
61.81548, 7921, (-1.892, 0.000, 0.447)
61.82276, 7922, (-1.892, 0.000, 0.447)
61.82872, 7923, (-1.892, 0.000, 0.447)
61.83498, 7924, (-1.892, 0.000, 0.447)
61.84155, 7925, (-1.892, 0.000, 0.447)
61.84938, 7926, (-1.892, 0.000, 0.447)
61.85625, 7927, (-1.892, 0.000, 0.447)
61.86248, 7928, (-1.892, 0.000, 0.447)
61.86932, 7929, (-1.892, 0.000, 0.447)
61.87689, 7930, (-1.892, 0.000, 0.447)
61.88429, 7931, (-1.892, 0.000, 0.447)
61.89222, 7932, (-1.892, 0.000, 0.447)
61.89857, 7933, (-1.892, 0.000, 0.447)
61.90565, 7934, (-1.892, 0.000, 0.447)
61.91275, 7935, (-1.892, 0.000, 0.447)
61.91964, 7936, (-1.892, 0.000, 0.447)
61.92731, 7937, (-1.892, 0.000, 0.447)
61.93502, 7938, (-1.892, 0.000, 0.447)
61.9429, 7939, (-1.892, 0.000, 0.447)
61.94997, 7940, (-1.892, 0.000, 0.447)
61.95694, 7941, (-1.892, 0.000, 0.447)
61.96337, 7942, (-1.892, 0.000, 0.447)
61.96862, 7943, (-1.892, 0.000, 0.447)
61.97462, 7944, (-1.892, 0.000, 0.447)
61.97996, 7945, (-1.892, 0.000, 0.447)
61.98576, 7946, (-1.892, 0.000, 0.447)
61.99131, 7947, (-1.892, 0.000, 0.447)
61.99745, 7948, (-1.892, 0.000, 0.447)
62.00412, 7949, (-1.892, 0.000, 0.447)
62.01052, 7950, (-1.892, 0.000, 0.447)
62.01738, 7951, (-1.892, 0.000, 0.447)
62.02375, 7952, (-1.892, 0.000, 0.447)
62.03065, 7953, (-1.892, 0.000, 0.447)
62.03746, 7954, (-1.892, 0.000, 0.447)
62.04304, 7955, (-1.892, 0.000, 0.447)
62.04951, 7956, (-1.892, 0.000, 0.447)
62.05633, 7957, (-1.892, 0.000, 0.447)
62.06293, 7958, (-1.892, 0.000, 0.447)
62.07008, 7959, (-1.892, 0.000, 0.447)
62.07679, 7960, (-1.892, 0.000, 0.447)
62.08368, 7961, (-1.892, 0.000, 0.447)
62.09092, 7962, (-1.892, 0.000, 0.447)
62.09742, 7963, (-1.892, 0.000, 0.447)
62.10373, 7964, (-1.892, 0.000, 0.447)
62.11031, 7965, (-1.892, 0.000, 0.447)
62.11756, 7966, (-1.892, 0.000, 0.447)
62.12429, 7967, (-1.892, 0.000, 0.447)
62.13011, 7968, (-1.892, 0.000, 0.447)
62.13568, 7969, (-1.892, 0.000, 0.447)
62.14175, 7970, (-1.892, 0.000, 0.447)
62.1484, 7971, (-1.892, 0.000, 0.447)
62.15443, 7972, (-1.892, 0.000, 0.447)
62.16113, 7973, (-1.892, 0.000, 0.447)
62.16726, 7974, (-1.892, 0.000, 0.447)
62.17427, 7975, (-1.892, 0.000, 0.447)
62.18093, 7976, (-1.892, 0.000, 0.447)
62.18827, 7977, (-1.892, 0.000, 0.447)
62.1946, 7978, (-1.892, 0.000, 0.447)
62.20111, 7979, (-1.892, 0.000, 0.447)
62.21113, 7980, (-1.892, 0.000, 0.447)
62.21667, 7981, (-1.892, 0.000, 0.447)
62.22358, 7982, (-1.892, 0.000, 0.447)
62.22997, 7983, (-1.892, 0.000, 0.447)
62.23596, 7984, (-1.892, 0.000, 0.447)
62.24473, 7985, (-1.892, 0.000, 0.447)
62.25222, 7986, (-1.892, 0.000, 0.447)
62.2603, 7987, (-1.892, 0.000, 0.447)
62.26708, 7988, (-1.892, 0.000, 0.447)
62.27526, 7989, (-1.892, 0.000, 0.447)
62.28352, 7990, (-1.892, 0.000, 0.447)
62.2922, 7991, (-1.892, 0.000, 0.447)
62.29977, 7992, (-1.892, 0.000, 0.447)
62.30749, 7993, (-1.892, 0.000, 0.447)
62.31765, 7994, (-1.892, 0.000, 0.447)
62.32774, 7995, (-1.892, 0.000, 0.447)
62.33429, 7996, (-1.892, 0.000, 0.447)
62.34155, 7997, (-1.892, 0.000, 0.447)
62.34866, 7998, (-1.892, 0.000, 0.447)
62.35645, 7999, (-1.892, 0.000, 0.447)
62.36359, 8000, (-1.892, 0.000, 0.447)
62.37136, 8001, (-1.892, 0.000, 0.447)
62.37815, 8002, (-1.892, 0.000, 0.447)
62.38573, 8003, (-1.892, 0.000, 0.447)
62.39323, 8004, (-1.892, 0.000, 0.447)
62.39977, 8005, (-1.892, 0.000, 0.447)
62.40738, 8006, (-1.892, 0.000, 0.447)
62.41376, 8007, (-1.892, 0.000, 0.447)
62.42122, 8008, (-1.892, 0.000, 0.447)
62.42878, 8009, (-1.892, 0.000, 0.447)
62.4359, 8010, (-1.892, 0.000, 0.447)
62.44294, 8011, (-1.892, 0.000, 0.447)
62.44964, 8012, (-1.892, 0.000, 0.447)
62.4569, 8013, (-1.892, 0.000, 0.447)
62.46271, 8014, (-1.892, 0.000, 0.447)
62.46874, 8015, (-1.892, 0.000, 0.447)
62.47559, 8016, (-1.892, 0.000, 0.447)
62.48259, 8017, (-1.892, 0.000, 0.447)
62.49035, 8018, (-1.892, 0.000, 0.447)
62.49758, 8019, (-1.892, 0.000, 0.447)
62.50509, 8020, (-1.892, 0.000, 0.447)
62.51207, 8021, (-1.892, 0.000, 0.447)
62.5199, 8022, (-1.892, 0.000, 0.447)
62.52699, 8023, (-1.892, 0.000, 0.447)
62.53322, 8024, (-1.892, 0.000, 0.447)
62.53914, 8025, (-1.892, 0.000, 0.447)
62.54501, 8026, (-1.892, 0.000, 0.447)
62.55533, 8027, (-1.892, 0.000, 0.447)
62.56456, 8028, (-1.892, 0.000, 0.447)
62.57384, 8029, (-1.892, 0.000, 0.447)
62.58395, 8030, (-1.892, 0.000, 0.447)
62.59309, 8031, (-1.892, 0.000, 0.447)
62.60178, 8032, (-1.892, 0.000, 0.447)
62.61148, 8033, (-1.892, 0.000, 0.447)
62.6217, 8034, (-1.892, 0.000, 0.447)
62.63073, 8035, (-1.892, 0.000, 0.447)
62.63976, 8036, (-1.892, 0.000, 0.447)
62.64849, 8037, (-1.892, 0.000, 0.447)
62.65592, 8038, (-1.892, 0.000, 0.447)
62.66298, 8039, (-1.892, 0.000, 0.447)
62.66987, 8040, (-1.892, 0.000, 0.447)
62.67672, 8041, (-1.892, 0.000, 0.447)
62.68547, 8042, (-1.892, 0.000, 0.447)
62.69199, 8043, (-1.892, 0.000, 0.447)
62.69926, 8044, (-1.892, 0.000, 0.447)
62.70777, 8045, (-1.892, 0.000, 0.447)
62.71535, 8046, (-1.892, 0.000, 0.447)
62.72261, 8047, (-1.892, 0.000, 0.447)
62.7301, 8048, (-1.892, 0.000, 0.447)
62.73726, 8049, (-1.892, 0.000, 0.447)
62.74404, 8050, (-1.892, 0.000, 0.447)
62.75164, 8051, (-1.892, 0.000, 0.447)
62.75918, 8052, (-1.892, 0.000, 0.447)
62.76615, 8053, (-1.892, 0.000, 0.447)
62.7753, 8054, (-1.892, 0.000, 0.447)
62.78313, 8055, (-1.892, 0.000, 0.447)
62.79055, 8056, (-1.892, 0.000, 0.447)
62.79731, 8057, (-1.892, 0.000, 0.447)
62.80465, 8058, (-1.892, 0.000, 0.447)
62.81192, 8059, (-1.892, 0.000, 0.447)
62.82164, 8060, (-1.892, 0.000, 0.447)
62.82936, 8061, (-1.892, 0.000, 0.447)
62.8368, 8062, (-1.892, 0.000, 0.447)
62.84407, 8063, (-1.892, 0.000, 0.447)
62.85244, 8064, (-1.892, 0.000, 0.447)
62.86101, 8065, (-1.892, 0.000, 0.447)
62.86841, 8066, (-1.892, 0.000, 0.447)
62.87754, 8067, (-1.892, 0.000, 0.447)
62.88609, 8068, (-1.892, 0.000, 0.447)
62.89305, 8069, (-1.892, 0.000, 0.447)
62.9003, 8070, (-1.892, 0.000, 0.447)
62.90915, 8071, (-1.892, 0.000, 0.447)
62.91753, 8072, (-1.892, 0.000, 0.447)
62.92581, 8073, (-1.892, 0.000, 0.447)
62.93282, 8074, (-1.892, 0.000, 0.447)
62.94044, 8075, (-1.892, 0.000, 0.447)
62.94804, 8076, (-1.892, 0.000, 0.447)
62.95669, 8077, (-1.892, 0.000, 0.447)
62.96521, 8078, (-1.892, 0.000, 0.447)
62.97333, 8079, (-1.892, 0.000, 0.447)
62.98172, 8080, (-1.892, 0.000, 0.447)
62.99031, 8081, (-1.892, 0.000, 0.447)
62.99761, 8082, (-1.892, 0.000, 0.447)
63.0037, 8083, (-1.892, 0.000, 0.447)
63.01019, 8084, (-1.892, 0.000, 0.447)
63.0172, 8085, (-1.892, 0.000, 0.447)
63.02419, 8086, (-1.892, 0.000, 0.447)
63.03197, 8087, (-1.892, 0.000, 0.447)
63.04021, 8088, (-1.892, 0.000, 0.447)
63.04756, 8089, (-1.892, 0.000, 0.447)
63.05634, 8090, (-1.892, 0.000, 0.447)
63.06355, 8091, (-1.892, 0.000, 0.447)
63.07098, 8092, (-1.892, 0.000, 0.447)
63.0787, 8093, (-1.892, 0.000, 0.447)
63.0866, 8094, (-1.892, 0.000, 0.447)
63.09426, 8095, (-1.892, 0.000, 0.447)
63.10152, 8096, (-1.892, 0.000, 0.447)
63.10869, 8097, (-1.892, 0.000, 0.447)
63.11513, 8098, (-1.892, 0.000, 0.447)
63.12212, 8099, (-1.892, 0.000, 0.447)
63.13037, 8100, (-1.892, 0.000, 0.447)
63.13845, 8101, (-1.892, 0.000, 0.447)
63.14591, 8102, (-1.892, 0.000, 0.447)
63.15492, 8103, (-1.892, 0.000, 0.447)
63.16209, 8104, (-1.892, 0.000, 0.447)
63.16935, 8105, (-1.892, 0.000, 0.447)
63.17542, 8106, (-1.892, 0.000, 0.447)
63.18248, 8107, (-1.892, 0.000, 0.447)
63.19039, 8108, (-1.892, 0.000, 0.447)
63.19786, 8109, (-1.892, 0.000, 0.447)
63.20612, 8110, (-1.892, 0.000, 0.447)
63.21396, 8111, (-1.892, 0.000, 0.447)
63.22216, 8112, (-1.892, 0.000, 0.447)
63.23005, 8113, (-1.892, 0.000, 0.447)
63.23787, 8114, (-1.892, 0.000, 0.447)
63.24554, 8115, (-1.892, 0.000, 0.447)
63.25299, 8116, (-1.892, 0.000, 0.447)
63.26025, 8117, (-1.892, 0.000, 0.447)
63.26755, 8118, (-1.892, 0.000, 0.447)
63.27532, 8119, (-1.892, 0.000, 0.447)
63.28318, 8120, (-1.892, 0.000, 0.447)
63.29132, 8121, (-1.892, 0.000, 0.447)
63.2984, 8122, (-1.892, 0.000, 0.447)
63.30644, 8123, (-1.892, 0.000, 0.447)
63.31385, 8124, (-1.892, 0.000, 0.447)
63.3212, 8125, (-1.892, 0.000, 0.447)
63.32972, 8126, (-1.892, 0.000, 0.447)
63.33711, 8127, (-1.892, 0.000, 0.447)
63.34468, 8128, (-1.892, 0.000, 0.447)
63.3519, 8129, (-1.892, 0.000, 0.447)
63.35962, 8130, (-1.892, 0.000, 0.447)
63.36641, 8131, (-1.892, 0.000, 0.447)
63.37454, 8132, (-1.892, 0.000, 0.447)
63.3825, 8133, (-1.892, 0.000, 0.447)
63.39071, 8134, (-1.892, 0.000, 0.447)
63.3979, 8135, (-1.892, 0.000, 0.447)
63.40537, 8136, (-1.892, 0.000, 0.447)
63.41125, 8137, (-1.892, 0.000, 0.447)
63.41704, 8138, (-1.892, 0.000, 0.447)
63.42274, 8139, (-1.892, 0.000, 0.447)
63.42855, 8140, (-1.892, 0.000, 0.447)
63.43391, 8141, (-1.892, 0.000, 0.447)
63.44, 8142, (-1.892, 0.000, 0.447)
63.44648, 8143, (-1.892, 0.000, 0.447)
63.45365, 8144, (-1.892, 0.000, 0.447)
63.46124, 8145, (-1.892, 0.000, 0.447)
63.4704, 8146, (-1.892, 0.000, 0.447)
63.478, 8147, (-1.892, 0.000, 0.447)
63.48526, 8148, (-1.892, 0.000, 0.447)
63.49323, 8149, (-1.892, 0.000, 0.447)
63.50055, 8150, (-1.892, 0.000, 0.447)
63.50871, 8151, (-1.892, 0.000, 0.447)
63.51595, 8152, (-1.892, 0.000, 0.447)
63.52409, 8153, (-1.892, 0.000, 0.447)
63.53117, 8154, (-1.892, 0.000, 0.447)
63.53914, 8155, (-1.892, 0.000, 0.447)
63.54615, 8156, (-1.892, 0.000, 0.447)
63.5548, 8157, (-1.892, 0.000, 0.447)
63.56196, 8158, (-1.892, 0.000, 0.447)
63.57007, 8159, (-1.892, 0.000, 0.447)
63.57773, 8160, (-1.892, 0.000, 0.447)
63.58455, 8161, (-1.892, 0.000, 0.447)
63.59412, 8162, (-1.892, 0.000, 0.447)
63.60123, 8163, (-1.892, 0.000, 0.447)
63.6086, 8164, (-1.892, 0.000, 0.447)
63.61496, 8165, (-1.892, 0.000, 0.447)
63.62253, 8166, (-1.892, 0.000, 0.447)
63.62918, 8167, (-1.892, 0.000, 0.447)
63.63609, 8168, (-1.892, 0.000, 0.447)
63.64255, 8169, (-1.892, 0.000, 0.447)
63.6496, 8170, (-1.892, 0.000, 0.447)
63.66494, 8171, (-1.892, 0.000, 0.447)
63.67369, 8172, (-1.892, 0.000, 0.447)
63.68043, 8173, (-1.892, 0.000, 0.447)
63.68774, 8174, (-1.892, 0.000, 0.447)
63.69469, 8175, (-1.892, 0.000, 0.447)
63.70275, 8176, (-1.892, 0.000, 0.447)
63.70965, 8177, (-1.892, 0.000, 0.447)
63.71666, 8178, (-1.892, 0.000, 0.447)
63.72403, 8179, (-1.892, 0.000, 0.447)
63.73188, 8180, (-1.892, 0.000, 0.447)
63.73981, 8181, (-1.892, 0.000, 0.447)
63.74661, 8182, (-1.892, 0.000, 0.447)
63.75479, 8183, (-1.892, 0.000, 0.447)
63.76098, 8184, (-1.892, 0.000, 0.447)
63.7667, 8185, (-1.892, 0.000, 0.447)
63.77288, 8186, (-1.892, 0.000, 0.447)
63.77866, 8187, (-1.892, 0.000, 0.447)
63.7844, 8188, (-1.892, 0.000, 0.447)
63.79018, 8189, (-1.892, 0.000, 0.447)
63.79631, 8190, (-1.892, 0.000, 0.447)
63.80174, 8191, (-1.892, 0.000, 0.447)
63.80834, 8192, (-1.892, 0.000, 0.447)
63.81462, 8193, (-1.892, 0.000, 0.447)
63.82136, 8194, (-1.892, 0.000, 0.447)
63.82818, 8195, (-1.892, 0.000, 0.447)
63.83613, 8196, (-1.892, 0.000, 0.447)
63.84687, 8197, (-1.892, 0.000, 0.447)
63.8654, 8198, (-1.892, 0.000, 0.447)
63.87336, 8199, (-1.892, 0.000, 0.447)
63.88078, 8200, (-1.892, 0.000, 0.447)
63.88962, 8201, (-1.892, 0.000, 0.447)
63.89725, 8202, (-1.892, 0.000, 0.447)
63.90553, 8203, (-1.892, 0.000, 0.447)
63.91222, 8204, (-1.892, 0.000, 0.447)
63.92245, 8205, (-1.892, 0.000, 0.447)
64.01223, 8206, (-1.892, 0.000, 0.447)
64.0249, 8207, (-1.892, 0.000, 0.447)
64.03038, 8208, (-1.892, 0.000, 0.447)
64.03641, 8209, (-1.892, 0.000, 0.447)
64.04274, 8210, (-1.892, 0.000, 0.447)
64.04984, 8211, (-1.892, 0.000, 0.447)
64.0581, 8212, (-1.892, 0.000, 0.447)
64.06461, 8213, (-1.892, 0.000, 0.447)
64.07088, 8214, (-1.892, 0.000, 0.447)
64.07822, 8215, (-1.892, 0.000, 0.447)
64.08673, 8216, (-1.892, 0.000, 0.447)
64.0945, 8217, (-1.892, 0.000, 0.447)
64.102, 8218, (-1.892, 0.000, 0.447)
64.10988, 8219, (-1.892, 0.000, 0.447)
64.11773, 8220, (-1.892, 0.000, 0.447)
64.12593, 8221, (-1.892, 0.000, 0.447)
64.13298, 8222, (-1.892, 0.000, 0.447)
64.14108, 8223, (-1.892, 0.000, 0.447)
64.14883, 8224, (-1.892, 0.000, 0.447)
64.15492, 8225, (-1.892, 0.000, 0.447)
64.16068, 8226, (-1.892, 0.000, 0.447)
64.16762, 8227, (-1.892, 0.000, 0.447)
64.17576, 8228, (-1.892, 0.000, 0.447)
64.18365, 8229, (-1.892, 0.000, 0.447)
64.19168, 8230, (-1.892, 0.000, 0.447)
64.19862, 8231, (-1.892, 0.000, 0.447)
64.20617, 8232, (-1.892, 0.000, 0.447)
64.21256, 8233, (-1.892, 0.000, 0.447)
64.22174, 8234, (-1.892, 0.000, 0.447)
64.23004, 8235, (-1.892, 0.000, 0.447)
64.23878, 8236, (-1.892, 0.000, 0.447)
64.24772, 8237, (-1.892, 0.000, 0.447)
64.25618, 8238, (-1.892, 0.000, 0.447)
64.26543, 8239, (-1.892, 0.000, 0.447)
64.27568, 8240, (-1.892, 0.000, 0.447)
64.28474, 8241, (-1.892, 0.000, 0.447)
64.29377, 8242, (-1.892, 0.000, 0.447)
64.30329, 8243, (-1.892, 0.000, 0.447)
64.31307, 8244, (-1.892, 0.000, 0.447)
64.32253, 8245, (-1.892, 0.000, 0.447)
64.32919, 8246, (-1.892, 0.000, 0.447)
64.3392, 8247, (-1.892, 0.000, 0.447)
64.3454, 8248, (-1.892, 0.000, 0.447)
64.35325, 8249, (-1.892, 0.000, 0.447)
64.36083, 8250, (-1.892, 0.000, 0.447)
64.36813, 8251, (-1.892, 0.000, 0.447)
64.37653, 8252, (-1.892, 0.000, 0.447)
64.38444, 8253, (-1.892, 0.000, 0.447)
64.39202, 8254, (-1.892, 0.000, 0.447)
64.39926, 8255, (-1.892, 0.000, 0.447)
64.40684, 8256, (-1.892, 0.000, 0.447)
64.4134, 8257, (-1.892, 0.000, 0.447)
64.42062, 8258, (-1.892, 0.000, 0.447)
64.42721, 8259, (-1.892, 0.000, 0.447)
64.43446, 8260, (-1.892, 0.000, 0.447)
64.44231, 8261, (-1.892, 0.000, 0.447)
64.44912, 8262, (-1.892, 0.000, 0.447)
64.45668, 8263, (-1.892, 0.000, 0.447)
64.4631, 8264, (-1.892, 0.000, 0.447)
64.47177, 8265, (-1.892, 0.000, 0.447)
64.47954, 8266, (-1.892, 0.000, 0.447)
64.4877, 8267, (-1.892, 0.000, 0.447)
64.4946, 8268, (-1.892, 0.000, 0.447)
64.50202, 8269, (-1.892, 0.000, 0.447)
64.50967, 8270, (-1.892, 0.000, 0.447)
64.51685, 8271, (-1.892, 0.000, 0.447)
64.52363, 8272, (-1.892, 0.000, 0.447)
64.52964, 8273, (-1.892, 0.000, 0.447)
64.53884, 8274, (-1.892, 0.000, 0.447)
64.54665, 8275, (-1.892, 0.000, 0.447)
64.55618, 8276, (-1.892, 0.000, 0.447)
64.56349, 8277, (-1.892, 0.000, 0.447)
64.56888, 8278, (-1.892, 0.000, 0.447)
64.57621, 8279, (-1.892, 0.000, 0.447)
64.58208, 8280, (-1.892, 0.000, 0.447)
64.58901, 8281, (-1.892, 0.000, 0.447)
64.59715, 8282, (-1.892, 0.000, 0.447)
64.60523, 8283, (-1.892, 0.000, 0.447)
64.61284, 8284, (-1.892, 0.000, 0.447)
64.62087, 8285, (-1.892, 0.000, 0.447)
64.62712, 8286, (-1.892, 0.000, 0.447)
64.63392, 8287, (-1.892, 0.000, 0.447)
64.64069, 8288, (-1.892, 0.000, 0.447)
64.64836, 8289, (-1.892, 0.000, 0.447)
64.65618, 8290, (-1.892, 0.000, 0.447)
64.6636, 8291, (-1.892, 0.000, 0.447)
64.67142, 8292, (-1.892, 0.000, 0.447)
64.67773, 8293, (-1.892, 0.000, 0.447)
64.68566, 8294, (-1.892, 0.000, 0.447)
64.69262, 8295, (-1.892, 0.000, 0.447)
64.69958, 8296, (-1.892, 0.000, 0.447)
64.70773, 8297, (-1.892, 0.000, 0.447)
64.71572, 8298, (-1.892, 0.000, 0.447)
64.72349, 8299, (-1.892, 0.000, 0.447)
64.73032, 8300, (-1.892, 0.000, 0.447)
64.73798, 8301, (-1.892, 0.000, 0.447)
64.74506, 8302, (-1.892, 0.000, 0.447)
64.7532, 8303, (-1.892, 0.000, 0.447)
64.76118, 8304, (-1.892, 0.000, 0.447)
64.76802, 8305, (-1.892, 0.000, 0.447)
64.77501, 8306, (-1.892, 0.000, 0.447)
64.78024, 8307, (-1.892, 0.000, 0.447)
64.78659, 8308, (-1.892, 0.000, 0.447)
64.79304, 8309, (-1.892, 0.000, 0.447)
64.79998, 8310, (-1.892, 0.000, 0.447)
64.80744, 8311, (-1.892, 0.000, 0.447)
64.81361, 8312, (-1.892, 0.000, 0.447)
64.81979, 8313, (-1.892, 0.000, 0.447)
64.82501, 8314, (-1.892, 0.000, 0.447)
64.83075, 8315, (-1.892, 0.000, 0.447)
64.83663, 8316, (-1.892, 0.000, 0.447)
64.84244, 8317, (-1.892, 0.000, 0.447)
64.84996, 8318, (-1.892, 0.000, 0.447)
64.85773, 8319, (-1.892, 0.000, 0.447)
64.86533, 8320, (-1.892, 0.000, 0.447)
64.8733, 8321, (-1.892, 0.000, 0.447)
64.88109, 8322, (-1.892, 0.000, 0.447)
64.88927, 8323, (-1.892, 0.000, 0.447)
64.89676, 8324, (-1.892, 0.000, 0.447)
64.90467, 8325, (-1.892, 0.000, 0.447)
64.91164, 8326, (-1.892, 0.000, 0.447)
64.92003, 8327, (-1.892, 0.000, 0.447)
64.92612, 8328, (-1.892, 0.000, 0.447)
64.93317, 8329, (-1.892, 0.000, 0.447)
64.94144, 8330, (-1.892, 0.000, 0.447)
64.94983, 8331, (-1.892, 0.000, 0.447)
64.95663, 8332, (-1.892, 0.000, 0.447)
64.96426, 8333, (-1.892, 0.000, 0.447)
64.9697, 8334, (-1.892, 0.000, 0.447)
64.97572, 8335, (-1.892, 0.000, 0.447)
64.98286, 8336, (-1.892, 0.000, 0.447)
64.98895, 8337, (-1.892, 0.000, 0.447)
64.99452, 8338, (-1.892, 0.000, 0.447)
65.00018, 8339, (-1.892, 0.000, 0.447)
65.00635, 8340, (-1.892, 0.000, 0.447)
65.01242, 8341, (-1.892, 0.000, 0.447)
65.02052, 8342, (-1.892, 0.000, 0.447)
65.02753, 8343, (-1.892, 0.000, 0.447)
65.03361, 8344, (-1.892, 0.000, 0.447)
65.04121, 8345, (-1.892, 0.000, 0.447)
65.04851, 8346, (-1.892, 0.000, 0.447)
65.05569, 8347, (-1.892, 0.000, 0.447)
65.0621, 8348, (-1.892, 0.000, 0.447)
65.07131, 8349, (-1.892, 0.000, 0.447)
65.07828, 8350, (-1.892, 0.000, 0.447)
65.08653, 8351, (-1.892, 0.000, 0.447)
65.09465, 8352, (-1.892, 0.000, 0.447)
65.10167, 8353, (-1.892, 0.000, 0.447)
65.10728, 8354, (-1.892, 0.000, 0.447)
65.11312, 8355, (-1.892, 0.000, 0.447)
65.11987, 8356, (-1.892, 0.000, 0.447)
65.12572, 8357, (-1.892, 0.000, 0.447)
65.13101, 8358, (-1.892, 0.000, 0.447)
65.13658, 8359, (-1.892, 0.000, 0.447)
65.1429, 8360, (-1.892, 0.000, 0.447)
65.14864, 8361, (-1.892, 0.000, 0.447)
65.15468, 8362, (-1.892, 0.000, 0.447)
65.16088, 8363, (-1.892, 0.000, 0.447)
65.1673, 8364, (-1.892, 0.000, 0.447)
65.17377, 8365, (-1.892, 0.000, 0.447)
65.17964, 8366, (-1.892, 0.000, 0.447)
65.18736, 8367, (-1.892, 0.000, 0.447)
65.19447, 8368, (-1.892, 0.000, 0.447)
65.20174, 8369, (-1.892, 0.000, 0.447)
65.20966, 8370, (-1.892, 0.000, 0.447)
65.21618, 8371, (-1.892, 0.000, 0.447)
65.22369, 8372, (-1.892, 0.000, 0.447)
65.23007, 8373, (-1.892, 0.000, 0.447)
65.23594, 8374, (-1.892, 0.000, 0.447)
65.24172, 8375, (-1.892, 0.000, 0.447)
65.24969, 8376, (-1.892, 0.000, 0.447)
65.25657, 8377, (-1.892, 0.000, 0.447)
65.26395, 8378, (-1.892, 0.000, 0.447)
65.27279, 8379, (-1.892, 0.000, 0.447)
65.27947, 8380, (-1.892, 0.000, 0.447)
65.2877, 8381, (-1.892, 0.000, 0.447)
65.29478, 8382, (-1.892, 0.000, 0.447)
65.30125, 8383, (-1.892, 0.000, 0.447)
65.3082, 8384, (-1.892, 0.000, 0.447)
65.31427, 8385, (-1.892, 0.000, 0.447)
65.32155, 8386, (-1.892, 0.000, 0.447)
65.3293, 8387, (-1.892, 0.000, 0.447)
65.33746, 8388, (-1.892, 0.000, 0.447)
65.34261, 8389, (-1.892, 0.000, 0.447)
65.34843, 8390, (-1.892, 0.000, 0.447)
65.35483, 8391, (-1.892, 0.000, 0.447)
65.36047, 8392, (-1.892, 0.000, 0.447)
65.36715, 8393, (-1.892, 0.000, 0.447)
65.37458, 8394, (-1.892, 0.000, 0.447)
65.38229, 8395, (-1.892, 0.000, 0.447)
65.39059, 8396, (-1.892, 0.000, 0.447)
65.40601, 8397, (-1.892, 0.000, 0.447)
65.41341, 8398, (-1.892, 0.000, 0.447)
65.42171, 8399, (-1.892, 0.000, 0.447)
65.42901, 8400, (-1.892, 0.000, 0.447)
65.43549, 8401, (-1.892, 0.000, 0.447)
65.442, 8402, (-1.892, 0.000, 0.447)
65.44923, 8403, (-1.892, 0.000, 0.447)
65.45602, 8404, (-1.892, 0.000, 0.447)
65.46252, 8405, (-1.892, 0.000, 0.447)
65.47018, 8406, (-1.892, 0.000, 0.447)
65.47844, 8407, (-1.892, 0.000, 0.447)
65.48549, 8408, (-1.892, 0.000, 0.447)
65.49158, 8409, (-1.892, 0.000, 0.447)
65.49704, 8410, (-1.892, 0.000, 0.447)
65.50298, 8411, (-1.892, 0.000, 0.447)
65.50864, 8412, (-1.892, 0.000, 0.447)
65.51393, 8413, (-1.892, 0.000, 0.447)
65.52007, 8414, (-1.892, 0.000, 0.447)
65.52559, 8415, (-1.892, 0.000, 0.447)
65.53274, 8416, (-1.892, 0.000, 0.447)
65.54026, 8417, (-1.892, 0.000, 0.447)
65.54664, 8418, (-1.892, 0.000, 0.447)
65.55393, 8419, (-1.892, 0.000, 0.447)
65.5602, 8420, (-1.892, 0.000, 0.447)
65.56614, 8421, (-1.892, 0.000, 0.447)
65.57319, 8422, (-1.892, 0.000, 0.447)
65.57941, 8423, (-1.892, 0.000, 0.447)
65.58627, 8424, (-1.892, 0.000, 0.447)
65.59268, 8425, (-1.892, 0.000, 0.447)
65.59886, 8426, (-1.892, 0.000, 0.447)
65.60489, 8427, (-1.892, 0.000, 0.447)
65.61079, 8428, (-1.892, 0.000, 0.447)
65.61636, 8429, (-1.892, 0.000, 0.447)
65.62222, 8430, (-1.892, 0.000, 0.447)
65.62757, 8431, (-1.892, 0.000, 0.447)
65.63365, 8432, (-1.892, 0.000, 0.447)
65.63985, 8433, (-1.892, 0.000, 0.447)
65.6452, 8434, (-1.892, 0.000, 0.447)
65.65106, 8435, (-1.892, 0.000, 0.447)
65.65702, 8436, (-1.892, 0.000, 0.447)
65.66396, 8437, (-1.892, 0.000, 0.447)
65.67107, 8438, (-1.892, 0.000, 0.447)
65.67861, 8439, (-1.892, 0.000, 0.447)
65.68705, 8440, (-1.892, 0.000, 0.447)
65.69321, 8441, (-1.892, 0.000, 0.447)
65.69987, 8442, (-1.892, 0.000, 0.447)
65.70833, 8443, (-1.892, 0.000, 0.447)
65.71523, 8444, (-1.892, 0.000, 0.447)
65.72149, 8445, (-1.892, 0.000, 0.447)
65.72701, 8446, (-1.892, 0.000, 0.447)
65.73424, 8447, (-1.892, 0.000, 0.447)
65.74294, 8448, (-1.892, 0.000, 0.447)
65.74998, 8449, (-1.892, 0.000, 0.447)
65.75903, 8450, (-1.892, 0.000, 0.447)
65.76631, 8451, (-1.892, 0.000, 0.447)
65.77395, 8452, (-1.892, 0.000, 0.447)
65.78173, 8453, (-1.892, 0.000, 0.447)
65.78946, 8454, (-1.892, 0.000, 0.447)
65.79617, 8455, (-1.892, 0.000, 0.447)
65.80298, 8456, (-1.892, 0.000, 0.447)
65.81056, 8457, (-1.892, 0.000, 0.447)
65.81701, 8458, (-1.892, 0.000, 0.447)
65.82495, 8459, (-1.892, 0.000, 0.447)
65.83109, 8460, (-1.892, 0.000, 0.447)
65.83804, 8461, (-1.892, 0.000, 0.447)
65.84484, 8462, (-1.892, 0.000, 0.447)
65.85255, 8463, (-1.892, 0.000, 0.447)
65.85951, 8464, (-1.892, 0.000, 0.447)
65.86713, 8465, (-1.892, 0.000, 0.447)
65.87405, 8466, (-1.892, 0.000, 0.447)
65.88, 8467, (-1.892, 0.000, 0.447)
65.88698, 8468, (-1.892, 0.000, 0.447)
65.89223, 8469, (-1.892, 0.000, 0.447)
65.8989, 8470, (-1.892, 0.000, 0.447)
65.90553, 8471, (-1.892, 0.000, 0.447)
65.91231, 8472, (-1.892, 0.000, 0.447)
65.92004, 8473, (-1.892, 0.000, 0.447)
65.92771, 8474, (-1.892, 0.000, 0.447)
65.93397, 8475, (-1.892, 0.000, 0.447)
65.94115, 8476, (-1.892, 0.000, 0.447)
65.94717, 8477, (-1.892, 0.000, 0.447)
65.95437, 8478, (-1.892, 0.000, 0.447)
65.96064, 8479, (-1.892, 0.000, 0.447)
65.96686, 8480, (-1.892, 0.000, 0.447)
65.97418, 8481, (-1.892, 0.000, 0.447)
65.98088, 8482, (-1.892, 0.000, 0.447)
65.98832, 8483, (-1.892, 0.000, 0.447)
65.9956, 8484, (-1.892, 0.000, 0.447)
66.0026, 8485, (-1.892, 0.000, 0.447)
66.00959, 8486, (-1.892, 0.000, 0.447)
66.01559, 8487, (-1.892, 0.000, 0.447)
66.02276, 8488, (-1.892, 0.000, 0.447)
66.02927, 8489, (-1.892, 0.000, 0.447)
66.03606, 8490, (-1.892, 0.000, 0.447)
66.0435, 8491, (-1.892, 0.000, 0.447)
66.05057, 8492, (-1.892, 0.000, 0.447)
66.05848, 8493, (-1.892, 0.000, 0.447)
66.06577, 8494, (-1.892, 0.000, 0.447)
66.07317, 8495, (-1.892, 0.000, 0.447)
66.08002, 8496, (-1.892, 0.000, 0.447)
66.0882, 8497, (-1.892, 0.000, 0.447)
66.09573, 8498, (-1.892, 0.000, 0.447)
66.10329, 8499, (-1.892, 0.000, 0.447)
66.11015, 8500, (-1.892, 0.000, 0.447)
66.11655, 8501, (-1.892, 0.000, 0.447)
66.12258, 8502, (-1.892, 0.000, 0.447)
66.12812, 8503, (-1.892, 0.000, 0.447)
66.13417, 8504, (-1.892, 0.000, 0.447)
66.13987, 8505, (-1.892, 0.000, 0.447)
66.14603, 8506, (-1.892, 0.000, 0.447)
66.1523, 8507, (-1.892, 0.000, 0.447)
66.15789, 8508, (-1.892, 0.000, 0.447)
66.16394, 8509, (-1.892, 0.000, 0.447)
66.16978, 8510, (-1.892, 0.000, 0.447)
66.17654, 8511, (-1.892, 0.000, 0.447)
66.18777, 8512, (-1.892, 0.000, 0.447)
66.19524, 8513, (-1.892, 0.000, 0.447)
66.20317, 8514, (-1.892, 0.000, 0.447)
66.21065, 8515, (-1.892, 0.000, 0.447)
66.21677, 8516, (-1.892, 0.000, 0.447)
66.22442, 8517, (-1.892, 0.000, 0.447)
66.23172, 8518, (-1.892, 0.000, 0.447)
66.23972, 8519, (-1.892, 0.000, 0.447)
66.24673, 8520, (-1.892, 0.000, 0.447)
66.25267, 8521, (-1.892, 0.000, 0.447)
66.25877, 8522, (-1.892, 0.000, 0.447)
66.26524, 8523, (-1.892, 0.000, 0.447)
66.27267, 8524, (-1.892, 0.000, 0.447)
66.27866, 8525, (-1.892, 0.000, 0.447)
66.2862, 8526, (-1.892, 0.000, 0.447)
66.29592, 8527, (-1.892, 0.000, 0.447)
66.30308, 8528, (-1.892, 0.000, 0.447)
66.31039, 8529, (-1.892, 0.000, 0.447)
66.31831, 8530, (-1.892, 0.000, 0.447)
66.32573, 8531, (-1.892, 0.000, 0.447)
66.33233, 8532, (-1.892, 0.000, 0.447)
66.33939, 8533, (-1.892, 0.000, 0.447)
66.34498, 8534, (-1.892, 0.000, 0.447)
66.35059, 8535, (-1.892, 0.000, 0.447)
66.35793, 8536, (-1.892, 0.000, 0.447)
66.36456, 8537, (-1.892, 0.000, 0.447)
66.37109, 8538, (-1.892, 0.000, 0.447)
66.37682, 8539, (-1.892, 0.000, 0.447)
66.38339, 8540, (-1.892, 0.000, 0.447)
66.39235, 8541, (-1.892, 0.000, 0.447)
66.39977, 8542, (-1.892, 0.000, 0.447)
66.40706, 8543, (-1.892, 0.000, 0.447)
66.41471, 8544, (-1.892, 0.000, 0.447)
66.42234, 8545, (-1.892, 0.000, 0.447)
66.42818, 8546, (-1.892, 0.000, 0.447)
66.43437, 8547, (-1.892, 0.000, 0.447)
66.44046, 8548, (-1.892, 0.000, 0.447)
66.44641, 8549, (-1.892, 0.000, 0.447)
66.45367, 8550, (-1.892, 0.000, 0.447)
66.45943, 8551, (-1.892, 0.000, 0.447)
66.46561, 8552, (-1.892, 0.000, 0.447)
66.4732, 8553, (-1.892, 0.000, 0.447)
66.47993, 8554, (-1.892, 0.000, 0.447)
66.48859, 8555, (-1.892, 0.000, 0.447)
66.49615, 8556, (-1.892, 0.000, 0.447)
66.50395, 8557, (-1.892, 0.000, 0.447)
66.51035, 8558, (-1.892, 0.000, 0.447)
66.51847, 8559, (-1.892, 0.000, 0.447)
66.5253, 8560, (-1.892, 0.000, 0.447)
66.53306, 8561, (-1.892, 0.000, 0.447)
66.54043, 8562, (-1.892, 0.000, 0.447)
66.54655, 8563, (-1.892, 0.000, 0.447)
66.55335, 8564, (-1.892, 0.000, 0.447)
66.55891, 8565, (-1.892, 0.000, 0.447)
66.56483, 8566, (-1.892, 0.000, 0.447)
66.57083, 8567, (-1.892, 0.000, 0.447)
66.57697, 8568, (-1.892, 0.000, 0.447)
66.58304, 8569, (-1.892, 0.000, 0.447)
66.58949, 8570, (-1.892, 0.000, 0.447)
66.59689, 8571, (-1.892, 0.000, 0.447)
66.60477, 8572, (-1.892, 0.000, 0.447)
66.61156, 8573, (-1.892, 0.000, 0.447)
66.61954, 8574, (-1.892, 0.000, 0.447)
66.6265, 8575, (-1.892, 0.000, 0.447)
66.63356, 8576, (-1.892, 0.000, 0.447)
66.64038, 8577, (-1.892, 0.000, 0.447)
66.64693, 8578, (-1.892, 0.000, 0.447)
66.65433, 8579, (-1.892, 0.000, 0.447)
66.65993, 8580, (-1.892, 0.000, 0.447)
66.66573, 8581, (-1.892, 0.000, 0.447)
66.67221, 8582, (-1.892, 0.000, 0.447)
66.68114, 8583, (-1.892, 0.000, 0.447)
66.69106, 8584, (-1.892, 0.000, 0.447)
66.69881, 8585, (-1.892, 0.000, 0.447)
66.70679, 8586, (-1.892, 0.000, 0.447)
66.71405, 8587, (-1.892, 0.000, 0.447)
66.72067, 8588, (-1.892, 0.000, 0.447)
66.72661, 8589, (-1.892, 0.000, 0.447)
66.73264, 8590, (-1.892, 0.000, 0.447)
66.73919, 8591, (-1.892, 0.000, 0.447)
66.7449, 8592, (-1.892, 0.000, 0.447)
66.75399, 8593, (-1.892, 0.000, 0.447)
66.76231, 8594, (-1.892, 0.000, 0.447)
66.77071, 8595, (-1.892, 0.000, 0.447)
66.77742, 8596, (-1.892, 0.000, 0.447)
66.78516, 8597, (-1.892, 0.000, 0.447)
66.79267, 8598, (-1.892, 0.000, 0.447)
66.79993, 8599, (-1.892, 0.000, 0.447)
66.80756, 8600, (-1.892, 0.000, 0.447)
66.81496, 8601, (-1.892, 0.000, 0.447)
66.82278, 8602, (-1.892, 0.000, 0.447)
66.83008, 8603, (-1.892, 0.000, 0.447)
66.83779, 8604, (-1.892, 0.000, 0.447)
66.84463, 8605, (-1.892, 0.000, 0.447)
66.85255, 8606, (-1.892, 0.000, 0.447)
66.85937, 8607, (-1.892, 0.000, 0.447)
66.86595, 8608, (-1.892, 0.000, 0.447)
66.87318, 8609, (-1.892, 0.000, 0.447)
66.88033, 8610, (-1.892, 0.000, 0.447)
66.88677, 8611, (-1.892, 0.000, 0.447)
66.89386, 8612, (-1.892, 0.000, 0.447)
66.90319, 8613, (-1.892, 0.000, 0.447)
66.90973, 8614, (-1.892, 0.000, 0.447)
66.91556, 8615, (-1.892, 0.000, 0.447)
66.92218, 8616, (-1.892, 0.000, 0.447)
66.93012, 8617, (-1.892, 0.000, 0.447)
66.93784, 8618, (-1.892, 0.000, 0.447)
66.94586, 8619, (-1.892, 0.000, 0.447)
66.95309, 8620, (-1.892, 0.000, 0.447)
66.96015, 8621, (-1.892, 0.000, 0.447)
66.96726, 8622, (-1.892, 0.000, 0.447)
66.97473, 8623, (-1.892, 0.000, 0.447)
66.98096, 8624, (-1.892, 0.000, 0.447)
66.98789, 8625, (-1.892, 0.000, 0.447)
66.99466, 8626, (-1.892, 0.000, 0.447)
66.99999, 8627, (-1.892, 0.000, 0.447)
67.00642, 8628, (-1.892, 0.000, 0.447)
67.01179, 8629, (-1.892, 0.000, 0.447)
67.01921, 8630, (-1.892, 0.000, 0.447)
67.025, 8631, (-1.892, 0.000, 0.447)
67.03149, 8632, (-1.892, 0.000, 0.447)
67.0394, 8633, (-1.892, 0.000, 0.447)
67.04735, 8634, (-1.892, 0.000, 0.447)
67.05507, 8635, (-1.892, 0.000, 0.447)
67.06268, 8636, (-1.892, 0.000, 0.447)
67.06967, 8637, (-1.892, 0.000, 0.447)
67.07694, 8638, (-1.892, 0.000, 0.447)
67.08412, 8639, (-1.892, 0.000, 0.447)
67.09098, 8640, (-1.892, 0.000, 0.447)
67.09773, 8641, (-1.892, 0.000, 0.447)
67.10506, 8642, (-1.892, 0.000, 0.447)
67.11053, 8643, (-1.892, 0.000, 0.447)
67.12015, 8644, (-1.892, 0.000, 0.447)
67.12525, 8645, (-1.892, 0.000, 0.447)
67.13232, 8646, (-1.892, 0.000, 0.447)
67.13937, 8647, (-1.892, 0.000, 0.447)
67.14604, 8648, (-1.892, 0.000, 0.447)
67.15422, 8649, (-1.892, 0.000, 0.447)
67.15942, 8650, (-1.892, 0.000, 0.447)
67.16512, 8651, (-1.892, 0.000, 0.447)
67.17128, 8652, (-1.892, 0.000, 0.447)
67.1765, 8653, (-1.892, 0.000, 0.447)
67.18288, 8654, (-1.892, 0.000, 0.447)
67.18958, 8655, (-1.892, 0.000, 0.447)
67.19599, 8656, (-1.892, 0.000, 0.447)
67.20251, 8657, (-1.892, 0.000, 0.447)
67.20994, 8658, (-1.892, 0.000, 0.447)
67.21638, 8659, (-1.892, 0.000, 0.447)
67.2221, 8660, (-1.892, 0.000, 0.447)
67.22816, 8661, (-1.892, 0.000, 0.447)
67.23376, 8662, (-1.892, 0.000, 0.447)
67.24099, 8663, (-1.892, 0.000, 0.447)
67.24799, 8664, (-1.892, 0.000, 0.447)
67.25417, 8665, (-1.892, 0.000, 0.447)
67.2613, 8666, (-1.892, 0.000, 0.447)
67.26891, 8667, (-1.892, 0.000, 0.447)
67.27561, 8668, (-1.892, 0.000, 0.447)
67.28207, 8669, (-1.892, 0.000, 0.447)
67.28883, 8670, (-1.892, 0.000, 0.447)
67.29547, 8671, (-1.892, 0.000, 0.447)
67.30267, 8672, (-1.892, 0.000, 0.447)
67.30976, 8673, (-1.892, 0.000, 0.447)
67.31753, 8674, (-1.892, 0.000, 0.447)
67.3248, 8675, (-1.892, 0.000, 0.447)
67.33359, 8676, (-1.892, 0.000, 0.447)
67.342, 8677, (-1.892, 0.000, 0.447)
67.34908, 8678, (-1.892, 0.000, 0.447)
67.35677, 8679, (-1.892, 0.000, 0.447)
67.36375, 8680, (-1.892, 0.000, 0.447)
67.37219, 8681, (-1.892, 0.000, 0.447)
67.38637, 8682, (-1.892, 0.000, 0.447)
67.39398, 8683, (-1.892, 0.000, 0.447)
67.40245, 8684, (-1.892, 0.000, 0.447)
67.40941, 8685, (-1.892, 0.000, 0.447)
67.41622, 8686, (-1.892, 0.000, 0.447)
67.42371, 8687, (-1.892, 0.000, 0.447)
67.43027, 8688, (-1.892, 0.000, 0.447)
67.43636, 8689, (-1.892, 0.000, 0.447)
67.44338, 8690, (-1.892, 0.000, 0.447)
67.45052, 8691, (-1.892, 0.000, 0.447)
67.45731, 8692, (-1.892, 0.000, 0.447)
67.4643, 8693, (-1.892, 0.000, 0.447)
67.47253, 8694, (-1.892, 0.000, 0.447)
67.47947, 8695, (-1.892, 0.000, 0.447)
67.48742, 8696, (-1.892, 0.000, 0.447)
67.49393, 8697, (-1.892, 0.000, 0.447)
67.50356, 8698, (-1.892, 0.000, 0.447)
67.50998, 8699, (-1.892, 0.000, 0.447)
67.51725, 8700, (-1.892, 0.000, 0.447)
67.52406, 8701, (-1.892, 0.000, 0.447)
67.53089, 8702, (-1.892, 0.000, 0.447)
67.53783, 8703, (-1.892, 0.000, 0.447)
67.54401, 8704, (-1.892, 0.000, 0.447)
67.55015, 8705, (-1.892, 0.000, 0.447)
67.55779, 8706, (-1.892, 0.000, 0.447)
67.56422, 8707, (-1.892, 0.000, 0.447)
67.57211, 8708, (-1.892, 0.000, 0.447)
67.5782, 8709, (-1.892, 0.000, 0.447)
67.58538, 8710, (-1.892, 0.000, 0.447)
67.59114, 8711, (-1.892, 0.000, 0.447)
67.59809, 8712, (-1.892, 0.000, 0.447)
67.60401, 8713, (-1.892, 0.000, 0.447)
67.60973, 8714, (-1.892, 0.000, 0.447)
67.61533, 8715, (-1.892, 0.000, 0.447)
67.62166, 8716, (-1.892, 0.000, 0.447)
67.62734, 8717, (-1.892, 0.000, 0.447)
67.63287, 8718, (-1.892, 0.000, 0.447)
67.63985, 8719, (-1.892, 0.000, 0.447)
67.64513, 8720, (-1.892, 0.000, 0.447)
67.65237, 8721, (-1.892, 0.000, 0.447)
67.66, 8722, (-1.892, 0.000, 0.447)
67.66767, 8723, (-1.892, 0.000, 0.447)
67.67519, 8724, (-1.892, 0.000, 0.447)
67.68159, 8725, (-1.892, 0.000, 0.447)
67.68878, 8726, (-1.892, 0.000, 0.447)
67.69596, 8727, (-1.892, 0.000, 0.447)
67.70419, 8728, (-1.892, 0.000, 0.447)
67.71217, 8729, (-1.892, 0.000, 0.447)
67.72046, 8730, (-1.892, 0.000, 0.447)
67.72768, 8731, (-1.892, 0.000, 0.447)
67.7356, 8732, (-1.892, 0.000, 0.447)
67.74306, 8733, (-1.892, 0.000, 0.447)
67.75164, 8734, (-1.892, 0.000, 0.447)
67.75939, 8735, (-1.892, 0.000, 0.447)
67.7672, 8736, (-1.892, 0.000, 0.447)
67.77614, 8737, (-1.892, 0.000, 0.447)
67.78373, 8738, (-1.892, 0.000, 0.447)
67.79089, 8739, (-1.892, 0.000, 0.447)
67.79953, 8740, (-1.892, 0.000, 0.447)
67.80801, 8741, (-1.892, 0.000, 0.447)
67.81566, 8742, (-1.892, 0.000, 0.447)
67.82381, 8743, (-1.892, 0.000, 0.447)
67.83073, 8744, (-1.892, 0.000, 0.447)
67.83768, 8745, (-1.892, 0.000, 0.447)
67.84565, 8746, (-1.892, 0.000, 0.447)
67.85381, 8747, (-1.892, 0.000, 0.447)
67.8624, 8748, (-1.892, 0.000, 0.447)
67.87082, 8749, (-1.892, 0.000, 0.447)
67.87893, 8750, (-1.892, 0.000, 0.447)
67.88622, 8751, (-1.892, 0.000, 0.447)
67.89331, 8752, (-1.892, 0.000, 0.447)
67.9023, 8753, (-1.892, 0.000, 0.447)
67.90892, 8754, (-1.892, 0.000, 0.447)
67.91628, 8755, (-1.892, 0.000, 0.447)
67.92403, 8756, (-1.892, 0.000, 0.447)
67.93153, 8757, (-1.892, 0.000, 0.447)
67.93982, 8758, (-1.892, 0.000, 0.447)
67.94688, 8759, (-1.892, 0.000, 0.447)
67.95341, 8760, (-1.892, 0.000, 0.447)
67.96087, 8761, (-1.892, 0.000, 0.447)
67.96804, 8762, (-1.892, 0.000, 0.447)
67.97521, 8763, (-1.892, 0.000, 0.447)
67.98253, 8764, (-1.892, 0.000, 0.447)
67.98996, 8765, (-1.892, 0.000, 0.447)
67.99718, 8766, (-1.892, 0.000, 0.447)
68.00526, 8767, (-1.892, 0.000, 0.447)
68.01316, 8768, (-1.892, 0.000, 0.447)
68.02071, 8769, (-1.892, 0.000, 0.447)
68.02768, 8770, (-1.892, 0.000, 0.447)
68.03305, 8771, (-1.892, 0.000, 0.447)
68.03976, 8772, (-1.892, 0.000, 0.447)
68.04695, 8773, (-1.892, 0.000, 0.447)
68.05501, 8774, (-1.892, 0.000, 0.447)
68.06097, 8775, (-1.892, 0.000, 0.447)
68.06712, 8776, (-1.892, 0.000, 0.447)
68.07424, 8777, (-1.892, 0.000, 0.447)
68.08072, 8778, (-1.892, 0.000, 0.447)
68.08759, 8779, (-1.892, 0.000, 0.447)
68.09384, 8780, (-1.892, 0.000, 0.447)
68.10088, 8781, (-1.892, 0.000, 0.447)
68.10807, 8782, (-1.892, 0.000, 0.447)
68.11526, 8783, (-1.892, 0.000, 0.447)
68.1226, 8784, (-1.892, 0.000, 0.447)
68.13025, 8785, (-1.892, 0.000, 0.447)
68.13684, 8786, (-1.892, 0.000, 0.447)
68.14302, 8787, (-1.892, 0.000, 0.447)
68.15224, 8788, (-1.892, 0.000, 0.447)
68.1591, 8789, (-1.892, 0.000, 0.447)
68.16644, 8790, (-1.892, 0.000, 0.447)
68.17371, 8791, (-1.892, 0.000, 0.447)
68.17986, 8792, (-1.892, 0.000, 0.447)
68.18732, 8793, (-1.892, 0.000, 0.447)
68.19352, 8794, (-1.892, 0.000, 0.447)
68.20023, 8795, (-1.892, 0.000, 0.447)
68.20811, 8796, (-1.892, 0.000, 0.447)
68.21426, 8797, (-1.892, 0.000, 0.447)
68.22127, 8798, (-1.892, 0.000, 0.447)
68.22755, 8799, (-1.892, 0.000, 0.447)
68.23312, 8800, (-1.892, 0.000, 0.447)
68.239, 8801, (-1.892, 0.000, 0.447)
68.24487, 8802, (-1.892, 0.000, 0.447)
68.25224, 8803, (-1.892, 0.000, 0.447)
68.25862, 8804, (-1.892, 0.000, 0.447)
68.2655, 8805, (-1.892, 0.000, 0.447)
68.27311, 8806, (-1.892, 0.000, 0.447)
68.28062, 8807, (-1.892, 0.000, 0.447)
68.28819, 8808, (-1.892, 0.000, 0.447)
68.29734, 8809, (-1.892, 0.000, 0.447)
68.30457, 8810, (-1.892, 0.000, 0.447)
68.31109, 8811, (-1.892, 0.000, 0.447)
68.31886, 8812, (-1.892, 0.000, 0.447)
68.32481, 8813, (-1.892, 0.000, 0.447)
68.33155, 8814, (-1.892, 0.000, 0.447)
68.33814, 8815, (-1.892, 0.000, 0.447)
68.34378, 8816, (-1.892, 0.000, 0.447)
68.35029, 8817, (-1.892, 0.000, 0.447)
68.35707, 8818, (-1.892, 0.000, 0.447)
68.36399, 8819, (-1.892, 0.000, 0.447)
68.37177, 8820, (-1.892, 0.000, 0.447)
68.37738, 8821, (-1.892, 0.000, 0.447)
68.38496, 8822, (-1.892, 0.000, 0.447)
68.39093, 8823, (-1.892, 0.000, 0.447)
68.39825, 8824, (-1.892, 0.000, 0.447)
68.40521, 8825, (-1.892, 0.000, 0.447)
68.41277, 8826, (-1.892, 0.000, 0.447)
68.42049, 8827, (-1.892, 0.000, 0.447)
68.42685, 8828, (-1.892, 0.000, 0.447)
68.43359, 8829, (-1.892, 0.000, 0.447)
68.4393, 8830, (-1.892, 0.000, 0.447)
68.4452, 8831, (-1.892, 0.000, 0.447)
68.45148, 8832, (-1.892, 0.000, 0.447)
68.45722, 8833, (-1.892, 0.000, 0.447)
68.46272, 8834, (-1.892, 0.000, 0.447)
68.46841, 8835, (-1.892, 0.000, 0.447)
68.47538, 8836, (-1.892, 0.000, 0.447)
68.48216, 8837, (-1.892, 0.000, 0.447)
68.49033, 8838, (-1.892, 0.000, 0.447)
68.49789, 8839, (-1.892, 0.000, 0.447)
68.5059, 8840, (-1.892, 0.000, 0.447)
68.51255, 8841, (-1.892, 0.000, 0.447)
68.51855, 8842, (-1.892, 0.000, 0.447)
68.52467, 8843, (-1.892, 0.000, 0.447)
68.53118, 8844, (-1.892, 0.000, 0.447)
68.53783, 8845, (-1.892, 0.000, 0.447)
68.54316, 8846, (-1.892, 0.000, 0.447)
68.54872, 8847, (-1.892, 0.000, 0.447)
68.55908, 8848, (-1.892, 0.000, 0.447)
68.56701, 8849, (-1.892, 0.000, 0.447)
68.57387, 8850, (-1.892, 0.000, 0.447)
68.58018, 8851, (-1.892, 0.000, 0.447)
68.58675, 8852, (-1.892, 0.000, 0.447)
68.59301, 8853, (-1.892, 0.000, 0.447)
68.59989, 8854, (-1.892, 0.000, 0.447)
68.60806, 8855, (-1.892, 0.000, 0.447)
68.61473, 8856, (-1.892, 0.000, 0.447)
68.62297, 8857, (-1.892, 0.000, 0.447)
68.63052, 8858, (-1.892, 0.000, 0.447)
68.63769, 8859, (-1.892, 0.000, 0.447)
68.64444, 8860, (-1.892, 0.000, 0.447)
68.65224, 8861, (-1.892, 0.000, 0.447)
68.65889, 8862, (-1.892, 0.000, 0.447)
68.66613, 8863, (-1.892, 0.000, 0.447)
68.67255, 8864, (-1.892, 0.000, 0.447)
68.67908, 8865, (-1.892, 0.000, 0.447)
68.6858, 8866, (-1.892, 0.000, 0.447)
68.6915, 8867, (-1.892, 0.000, 0.447)
68.69733, 8868, (-1.892, 0.000, 0.447)
68.70335, 8869, (-1.892, 0.000, 0.447)
68.70964, 8870, (-1.892, 0.000, 0.447)
68.71551, 8871, (-1.892, 0.000, 0.447)
68.72282, 8872, (-1.892, 0.000, 0.447)
68.73, 8873, (-1.892, 0.000, 0.447)
68.73735, 8874, (-1.892, 0.000, 0.447)
68.74472, 8875, (-1.892, 0.000, 0.447)
68.75278, 8876, (-1.892, 0.000, 0.447)
68.75965, 8877, (-1.892, 0.000, 0.447)
68.76631, 8878, (-1.892, 0.000, 0.447)
68.77245, 8879, (-1.892, 0.000, 0.447)
68.77816, 8880, (-1.892, 0.000, 0.447)
68.78398, 8881, (-1.892, 0.000, 0.447)
68.78971, 8882, (-1.892, 0.000, 0.447)
68.7953, 8883, (-1.892, 0.000, 0.447)
68.8025, 8884, (-1.892, 0.000, 0.447)
68.80862, 8885, (-1.892, 0.000, 0.447)
68.81519, 8886, (-1.892, 0.000, 0.447)
68.82262, 8887, (-1.892, 0.000, 0.447)
68.82949, 8888, (-1.892, 0.000, 0.447)
68.83723, 8889, (-1.892, 0.000, 0.447)
68.84419, 8890, (-1.892, 0.000, 0.447)
68.85265, 8891, (-1.892, 0.000, 0.447)
68.85944, 8892, (-1.892, 0.000, 0.447)
68.86675, 8893, (-1.892, 0.000, 0.447)
68.87495, 8894, (-1.892, 0.000, 0.447)
68.88197, 8895, (-1.892, 0.000, 0.447)
68.88887, 8896, (-1.892, 0.000, 0.447)
68.89525, 8897, (-1.892, 0.000, 0.447)
68.90139, 8898, (-1.892, 0.000, 0.447)
68.908, 8899, (-1.892, 0.000, 0.447)
68.91399, 8900, (-1.892, 0.000, 0.447)
68.92101, 8901, (-1.892, 0.000, 0.447)
68.9266, 8902, (-1.892, 0.000, 0.447)
68.93295, 8903, (-1.892, 0.000, 0.447)
68.93894, 8904, (-1.892, 0.000, 0.447)
68.94499, 8905, (-1.892, 0.000, 0.447)
68.95137, 8906, (-1.892, 0.000, 0.447)
68.95734, 8907, (-1.892, 0.000, 0.447)
68.96297, 8908, (-1.892, 0.000, 0.447)
68.96941, 8909, (-1.892, 0.000, 0.447)
68.97541, 8910, (-1.892, 0.000, 0.447)
68.98225, 8911, (-1.892, 0.000, 0.447)
68.99094, 8912, (-1.892, 0.000, 0.447)
69.00414, 8913, (-1.892, 0.000, 0.447)
69.02052, 8914, (-1.892, 0.000, 0.447)
69.02881, 8915, (-1.892, 0.000, 0.447)
69.0367, 8916, (-1.892, 0.000, 0.447)
69.04568, 8917, (-1.892, 0.000, 0.447)
69.05709, 8918, (-1.892, 0.000, 0.447)
