0, 0, (0.000, 0.000, 0.000)
53.13308, 6772, (-0.773, 0.000, -0.213)
53.14539, 6773, (-0.773, 0.000, -0.213)
53.15202, 6774, (-0.773, 0.000, -0.213)
53.15825, 6775, (-0.773, 0.000, -0.213)
53.1643, 6776, (-0.773, 0.000, -0.213)
53.17427, 6777, (-0.777, 0.000, -0.219)
53.18596, 6778, (-0.777, 0.000, -0.219)
53.19302, 6779, (-0.777, 0.000, -0.219)
53.20021, 6780, (-0.777, 0.000, -0.219)
53.20884, 6781, (-0.777, 0.000, -0.219)
53.21709, 6782, (-0.777, 0.000, -0.219)
53.22506, 6783, (-0.777, 0.000, -0.219)
53.23207, 6784, (-0.777, 0.000, -0.219)
53.24072, 6785, (-0.777, 0.000, -0.219)
53.25149, 6786, (-0.782, 0.000, -0.225)
53.26378, 6787, (-0.782, 0.000, -0.225)
53.27072, 6788, (-0.782, 0.000, -0.225)
53.27861, 6789, (-0.782, 0.000, -0.225)
53.28571, 6790, (-0.782, 0.000, -0.225)
53.29324, 6791, (-0.782, 0.000, -0.225)
53.29878, 6792, (-0.782, 0.000, -0.225)
53.30482, 6793, (-0.782, 0.000, -0.225)
53.31581, 6794, (-0.786, 0.000, -0.231)
53.32859, 6795, (-0.786, 0.000, -0.231)
53.33551, 6796, (-0.786, 0.000, -0.231)
53.34465, 6797, (-0.786, 0.000, -0.231)
53.35153, 6798, (-0.786, 0.000, -0.231)
53.35941, 6799, (-0.786, 0.000, -0.231)
53.36587, 6800, (-0.786, 0.000, -0.231)
53.37392, 6801, (-0.786, 0.000, -0.231)
53.38091, 6802, (-0.786, 0.000, -0.231)
53.38837, 6803, (-0.786, 0.000, -0.231)
53.39603, 6804, (-0.786, 0.000, -0.231)
53.40435, 6805, (-0.786, 0.000, -0.231)
53.41197, 6806, (-0.786, 0.000, -0.231)
53.41861, 6807, (-0.786, 0.000, -0.231)
53.43068, 6808, (-0.791, 0.000, -0.238)
53.4437, 6809, (-0.791, 0.000, -0.238)
53.45053, 6810, (-0.791, 0.000, -0.238)
53.45786, 6811, (-0.791, 0.000, -0.238)
53.46498, 6812, (-0.791, 0.000, -0.238)
53.4717, 6813, (-0.791, 0.000, -0.238)
53.47932, 6814, (-0.791, 0.000, -0.238)
53.48712, 6815, (-0.791, 0.000, -0.238)
53.49546, 6816, (-0.791, 0.000, -0.238)
53.50188, 6817, (-0.791, 0.000, -0.238)
53.50979, 6818, (-0.791, 0.000, -0.238)
53.51674, 6819, (-0.791, 0.000, -0.238)
53.52624, 6820, (-0.786, 0.000, -0.231)
53.53856, 6821, (-0.791, 0.000, -0.238)
53.54889, 6822, (-0.791, 0.000, -0.238)
53.55515, 6823, (-0.791, 0.000, -0.238)
53.56145, 6824, (-0.791, 0.000, -0.238)
53.56718, 6825, (-0.791, 0.000, -0.238)
53.57471, 6826, (-0.791, 0.000, -0.238)
53.58112, 6827, (-0.791, 0.000, -0.238)
53.58785, 6828, (-0.791, 0.000, -0.238)
53.59447, 6829, (-0.791, 0.000, -0.238)
53.60125, 6830, (-0.791, 0.000, -0.238)
53.60786, 6831, (-0.791, 0.000, -0.238)
53.61375, 6832, (-0.791, 0.000, -0.238)
53.62029, 6833, (-0.791, 0.000, -0.238)
53.62782, 6834, (-0.791, 0.000, -0.238)
53.63534, 6835, (-0.791, 0.000, -0.238)
53.64288, 6836, (-0.791, 0.000, -0.238)
53.64932, 6837, (-0.791, 0.000, -0.238)
53.65818, 6838, (-0.795, 0.000, -0.244)
53.66854, 6839, (-0.795, 0.000, -0.244)
53.67478, 6840, (-0.795, 0.000, -0.244)
53.68009, 6841, (-0.795, 0.000, -0.244)
53.687, 6842, (-0.795, 0.000, -0.244)
53.69409, 6843, (-0.795, 0.000, -0.244)
53.70176, 6844, (-0.795, 0.000, -0.244)
53.70944, 6845, (-0.795, 0.000, -0.244)
53.71605, 6846, (-0.795, 0.000, -0.244)
53.72251, 6847, (-0.795, 0.000, -0.244)
53.73188, 6848, (-0.800, 0.000, -0.250)
53.74364, 6849, (-0.800, 0.000, -0.250)
53.74891, 6850, (-0.800, 0.000, -0.250)
53.75501, 6851, (-0.800, 0.000, -0.250)
53.76163, 6852, (-0.800, 0.000, -0.250)
53.76818, 6853, (-0.800, 0.000, -0.250)
53.77522, 6854, (-0.800, 0.000, -0.250)
53.78154, 6855, (-0.800, 0.000, -0.250)
53.7888, 6856, (-0.800, 0.000, -0.250)
53.79643, 6857, (-0.800, 0.000, -0.250)
53.80342, 6858, (-0.800, 0.000, -0.250)
53.81118, 6859, (-0.800, 0.000, -0.250)
53.81713, 6860, (-0.800, 0.000, -0.250)
53.82407, 6861, (-0.800, 0.000, -0.250)
53.83073, 6862, (-0.800, 0.000, -0.250)
53.83775, 6863, (-0.800, 0.000, -0.250)
53.84478, 6864, (-0.800, 0.000, -0.250)
53.85223, 6865, (-0.800, 0.000, -0.250)
53.85978, 6866, (-0.800, 0.000, -0.250)
53.86737, 6867, (-0.800, 0.000, -0.250)
53.8751, 6868, (-0.800, 0.000, -0.250)
53.88189, 6869, (-0.800, 0.000, -0.250)
53.88832, 6870, (-0.800, 0.000, -0.250)
53.89517, 6871, (-0.800, 0.000, -0.250)
53.90123, 6872, (-0.800, 0.000, -0.250)
53.90855, 6873, (-0.800, 0.000, -0.250)
53.91473, 6874, (-0.800, 0.000, -0.250)
53.92099, 6875, (-0.800, 0.000, -0.250)
53.92723, 6876, (-0.800, 0.000, -0.250)
53.9328, 6877, (-0.800, 0.000, -0.250)
53.94025, 6878, (-0.800, 0.000, -0.250)
53.94576, 6879, (-0.800, 0.000, -0.250)
53.95199, 6880, (-0.800, 0.000, -0.250)
53.95913, 6881, (-0.800, 0.000, -0.250)
53.96877, 6882, (-0.804, 0.000, -0.256)
53.98058, 6883, (-0.804, 0.000, -0.256)
53.98722, 6884, (-0.804, 0.000, -0.256)
54.00252, 6885, (-0.804, 0.000, -0.256)
54.01047, 6886, (-0.804, 0.000, -0.256)
54.01788, 6887, (-0.804, 0.000, -0.256)
54.02654, 6888, (-0.804, 0.000, -0.256)
54.0336, 6889, (-0.804, 0.000, -0.256)
54.04222, 6890, (-0.804, 0.000, -0.256)
54.04961, 6891, (-0.804, 0.000, -0.256)
54.05785, 6892, (-0.804, 0.000, -0.256)
54.06466, 6893, (-0.804, 0.000, -0.256)
54.07251, 6894, (-0.804, 0.000, -0.256)
54.0805, 6895, (-0.804, 0.000, -0.256)
54.08834, 6896, (-0.804, 0.000, -0.256)
54.09658, 6897, (-0.804, 0.000, -0.256)
54.10336, 6898, (-0.804, 0.000, -0.256)
54.1104, 6899, (-0.804, 0.000, -0.256)
54.11813, 6900, (-0.804, 0.000, -0.256)
54.12633, 6901, (-0.804, 0.000, -0.256)
54.1337, 6902, (-0.804, 0.000, -0.256)
54.14198, 6903, (-0.804, 0.000, -0.256)
54.149, 6904, (-0.804, 0.000, -0.256)
54.15622, 6905, (-0.804, 0.000, -0.256)
54.16376, 6906, (-0.804, 0.000, -0.256)
54.1706, 6907, (-0.804, 0.000, -0.256)
54.17744, 6908, (-0.804, 0.000, -0.256)
54.18285, 6909, (-0.804, 0.000, -0.256)
54.18946, 6910, (-0.804, 0.000, -0.256)
54.19658, 6911, (-0.804, 0.000, -0.256)
54.20277, 6912, (-0.804, 0.000, -0.256)
54.21369, 6913, (-0.809, 0.000, -0.262)
54.22662, 6914, (-0.809, 0.000, -0.262)
54.23281, 6915, (-0.809, 0.000, -0.262)
54.23933, 6916, (-0.809, 0.000, -0.262)
54.24683, 6917, (-0.809, 0.000, -0.262)
54.25315, 6918, (-0.809, 0.000, -0.262)
54.26106, 6919, (-0.809, 0.000, -0.262)
54.26746, 6920, (-0.809, 0.000, -0.262)
54.27528, 6921, (-0.809, 0.000, -0.262)
54.28249, 6922, (-0.809, 0.000, -0.262)
54.28989, 6923, (-0.809, 0.000, -0.262)
54.2968, 6924, (-0.809, 0.000, -0.262)
54.30413, 6925, (-0.809, 0.000, -0.262)
54.31153, 6926, (-0.809, 0.000, -0.262)
54.31823, 6927, (-0.809, 0.000, -0.262)
54.32433, 6928, (-0.809, 0.000, -0.262)
54.33004, 6929, (-0.809, 0.000, -0.262)
54.33616, 6930, (-0.809, 0.000, -0.262)
54.34293, 6931, (-0.809, 0.000, -0.262)
54.34929, 6932, (-0.809, 0.000, -0.262)
54.35493, 6933, (-0.809, 0.000, -0.262)
54.36111, 6934, (-0.809, 0.000, -0.262)
54.3668, 6935, (-0.809, 0.000, -0.262)
54.37253, 6936, (-0.809, 0.000, -0.262)
54.37838, 6937, (-0.809, 0.000, -0.262)
54.38465, 6938, (-0.809, 0.000, -0.262)
54.39202, 6939, (-0.809, 0.000, -0.262)
54.40004, 6940, (-0.809, 0.000, -0.262)
54.40764, 6941, (-0.809, 0.000, -0.262)
54.41391, 6942, (-0.809, 0.000, -0.262)
54.4197, 6943, (-0.809, 0.000, -0.262)
54.42627, 6944, (-0.809, 0.000, -0.262)
54.43276, 6945, (-0.809, 0.000, -0.262)
54.43972, 6946, (-0.809, 0.000, -0.262)
54.44635, 6947, (-0.809, 0.000, -0.262)
54.45301, 6948, (-0.809, 0.000, -0.262)
54.45892, 6949, (-0.809, 0.000, -0.262)
54.46474, 6950, (-0.809, 0.000, -0.262)
54.47153, 6951, (-0.809, 0.000, -0.262)
54.47956, 6952, (-0.809, 0.000, -0.262)
54.48805, 6953, (-0.809, 0.000, -0.262)
54.49531, 6954, (-0.809, 0.000, -0.262)
54.5018, 6955, (-0.809, 0.000, -0.262)
54.50852, 6956, (-0.809, 0.000, -0.262)
54.51459, 6957, (-0.809, 0.000, -0.262)
54.52203, 6958, (-0.809, 0.000, -0.262)
54.5291, 6959, (-0.809, 0.000, -0.262)
54.53555, 6960, (-0.809, 0.000, -0.262)
54.5466, 6961, (-0.813, 0.000, -0.268)
54.55944, 6962, (-0.813, 0.000, -0.268)
54.56511, 6963, (-0.813, 0.000, -0.268)
54.57099, 6964, (-0.813, 0.000, -0.268)
54.57872, 6965, (-0.813, 0.000, -0.268)
54.58617, 6966, (-0.813, 0.000, -0.268)
54.5937, 6967, (-0.813, 0.000, -0.268)
54.60091, 6968, (-0.813, 0.000, -0.268)
54.60907, 6969, (-0.813, 0.000, -0.268)
54.61665, 6970, (-0.813, 0.000, -0.268)
54.62455, 6971, (-0.813, 0.000, -0.268)
54.63126, 6972, (-0.813, 0.000, -0.268)
54.63776, 6973, (-0.813, 0.000, -0.268)
54.64638, 6974, (-0.813, 0.000, -0.268)
54.65316, 6975, (-0.813, 0.000, -0.268)
54.66073, 6976, (-0.813, 0.000, -0.268)
54.66798, 6977, (-0.813, 0.000, -0.268)
54.67662, 6978, (-0.813, 0.000, -0.268)
54.68347, 6979, (-0.813, 0.000, -0.268)
54.69116, 6980, (-0.813, 0.000, -0.268)
54.69767, 6981, (-0.813, 0.000, -0.268)
54.70492, 6982, (-0.813, 0.000, -0.268)
54.71237, 6983, (-0.813, 0.000, -0.268)
54.71919, 6984, (-0.813, 0.000, -0.268)
54.7265, 6985, (-0.813, 0.000, -0.268)
54.73295, 6986, (-0.813, 0.000, -0.268)
54.74037, 6987, (-0.813, 0.000, -0.268)
54.74764, 6988, (-0.813, 0.000, -0.268)
54.75486, 6989, (-0.813, 0.000, -0.268)
54.76207, 6990, (-0.813, 0.000, -0.268)
54.77015, 6991, (-0.813, 0.000, -0.268)
54.77751, 6992, (-0.813, 0.000, -0.268)
54.78531, 6993, (-0.813, 0.000, -0.268)
54.79367, 6994, (-0.813, 0.000, -0.268)
54.80097, 6995, (-0.813, 0.000, -0.268)
54.80925, 6996, (-0.813, 0.000, -0.268)
54.81701, 6997, (-0.813, 0.000, -0.268)
54.825, 6998, (-0.813, 0.000, -0.268)
54.83227, 6999, (-0.813, 0.000, -0.268)
54.83994, 7000, (-0.813, 0.000, -0.268)
54.84783, 7001, (-0.813, 0.000, -0.268)
54.85498, 7002, (-0.813, 0.000, -0.268)
54.86281, 7003, (-0.813, 0.000, -0.268)
54.87096, 7004, (-0.813, 0.000, -0.268)
54.87845, 7005, (-0.813, 0.000, -0.268)
54.88624, 7006, (-0.813, 0.000, -0.268)
54.89412, 7007, (-0.813, 0.000, -0.268)
54.90306, 7008, (-0.813, 0.000, -0.268)
54.91051, 7009, (-0.813, 0.000, -0.268)
54.91792, 7010, (-0.813, 0.000, -0.268)
54.92516, 7011, (-0.813, 0.000, -0.268)
54.93291, 7012, (-0.813, 0.000, -0.268)
54.9403, 7013, (-0.813, 0.000, -0.268)
54.94759, 7014, (-0.813, 0.000, -0.268)
54.95507, 7015, (-0.813, 0.000, -0.268)
54.96278, 7016, (-0.813, 0.000, -0.268)
54.97002, 7017, (-0.813, 0.000, -0.268)
54.978, 7018, (-0.813, 0.000, -0.268)
54.98574, 7019, (-0.813, 0.000, -0.268)
54.99431, 7020, (-0.813, 0.000, -0.268)
55.00195, 7021, (-0.813, 0.000, -0.268)
55.00974, 7022, (-0.813, 0.000, -0.268)
55.01591, 7023, (-0.813, 0.000, -0.268)
55.02435, 7024, (-0.813, 0.000, -0.268)
55.03132, 7025, (-0.813, 0.000, -0.268)
55.03998, 7026, (-0.813, 0.000, -0.268)
55.04696, 7027, (-0.813, 0.000, -0.268)
55.05466, 7028, (-0.813, 0.000, -0.268)
55.06307, 7029, (-0.813, 0.000, -0.268)
55.07011, 7030, (-0.813, 0.000, -0.268)
55.07819, 7031, (-0.813, 0.000, -0.268)
55.08553, 7032, (-0.813, 0.000, -0.268)
55.0929, 7033, (-0.813, 0.000, -0.268)
55.10005, 7034, (-0.813, 0.000, -0.268)
55.10841, 7035, (-0.813, 0.000, -0.268)
55.11631, 7036, (-0.813, 0.000, -0.268)
55.12362, 7037, (-0.813, 0.000, -0.268)
55.13109, 7038, (-0.813, 0.000, -0.268)
55.13901, 7039, (-0.813, 0.000, -0.268)
55.14678, 7040, (-0.813, 0.000, -0.268)
55.1548, 7041, (-0.813, 0.000, -0.268)
55.16258, 7042, (-0.813, 0.000, -0.268)
55.17032, 7043, (-0.813, 0.000, -0.268)
55.17865, 7044, (-0.813, 0.000, -0.268)
55.18596, 7045, (-0.813, 0.000, -0.268)
55.19368, 7046, (-0.813, 0.000, -0.268)
55.20013, 7047, (-0.813, 0.000, -0.268)
55.20668, 7048, (-0.813, 0.000, -0.268)
55.21235, 7049, (-0.813, 0.000, -0.268)
55.21873, 7050, (-0.813, 0.000, -0.268)
55.2254, 7051, (-0.813, 0.000, -0.268)
55.23195, 7052, (-0.813, 0.000, -0.268)
55.23986, 7053, (-0.813, 0.000, -0.268)
55.24617, 7054, (-0.813, 0.000, -0.268)
55.25257, 7055, (-0.813, 0.000, -0.268)
55.25939, 7056, (-0.813, 0.000, -0.268)
55.26563, 7057, (-0.813, 0.000, -0.268)
55.27302, 7058, (-0.813, 0.000, -0.268)
55.27983, 7059, (-0.813, 0.000, -0.268)
55.28597, 7060, (-0.813, 0.000, -0.268)
55.29277, 7061, (-0.813, 0.000, -0.268)
55.3, 7062, (-0.813, 0.000, -0.268)
55.30787, 7063, (-0.813, 0.000, -0.268)
55.31409, 7064, (-0.813, 0.000, -0.268)
55.32077, 7065, (-0.813, 0.000, -0.268)
55.3275, 7066, (-0.813, 0.000, -0.268)
55.33416, 7067, (-0.813, 0.000, -0.268)
55.34019, 7068, (-0.813, 0.000, -0.268)
55.34573, 7069, (-0.813, 0.000, -0.268)
55.35186, 7070, (-0.813, 0.000, -0.268)
55.35936, 7071, (-0.813, 0.000, -0.268)
55.36673, 7072, (-0.813, 0.000, -0.268)
55.3746, 7073, (-0.813, 0.000, -0.268)
55.38097, 7074, (-0.813, 0.000, -0.268)
55.38768, 7075, (-0.813, 0.000, -0.268)
55.39512, 7076, (-0.813, 0.000, -0.268)
55.40211, 7077, (-0.813, 0.000, -0.268)
55.41024, 7078, (-0.813, 0.000, -0.268)
55.41783, 7079, (-0.813, 0.000, -0.268)
55.42586, 7080, (-0.813, 0.000, -0.268)
55.43275, 7081, (-0.813, 0.000, -0.268)
55.44152, 7082, (-0.813, 0.000, -0.268)
55.44871, 7083, (-0.813, 0.000, -0.268)
55.45603, 7084, (-0.813, 0.000, -0.268)
55.46487, 7085, (-0.813, 0.000, -0.268)
55.47214, 7086, (-0.813, 0.000, -0.268)
55.47939, 7087, (-0.813, 0.000, -0.268)
55.48646, 7088, (-0.813, 0.000, -0.268)
55.49266, 7089, (-0.813, 0.000, -0.268)
55.49883, 7090, (-0.813, 0.000, -0.268)
55.50558, 7091, (-0.813, 0.000, -0.268)
55.51147, 7092, (-0.813, 0.000, -0.268)
55.51743, 7093, (-0.813, 0.000, -0.268)
55.52423, 7094, (-0.813, 0.000, -0.268)
55.53046, 7095, (-0.813, 0.000, -0.268)
55.5373, 7096, (-0.813, 0.000, -0.268)
55.5443, 7097, (-0.813, 0.000, -0.268)
55.54972, 7098, (-0.813, 0.000, -0.268)
55.55556, 7099, (-0.813, 0.000, -0.268)
55.56146, 7100, (-0.813, 0.000, -0.268)
55.56695, 7101, (-0.813, 0.000, -0.268)
55.57353, 7102, (-0.813, 0.000, -0.268)
55.57883, 7103, (-0.813, 0.000, -0.268)
55.58483, 7104, (-0.813, 0.000, -0.268)
55.59195, 7105, (-0.813, 0.000, -0.268)
55.59944, 7106, (-0.813, 0.000, -0.268)
55.60728, 7107, (-0.813, 0.000, -0.268)
55.61361, 7108, (-0.813, 0.000, -0.268)
55.61971, 7109, (-0.813, 0.000, -0.268)
55.62573, 7110, (-0.813, 0.000, -0.268)
55.6314, 7111, (-0.813, 0.000, -0.268)
55.63799, 7112, (-0.813, 0.000, -0.268)
55.64457, 7113, (-0.813, 0.000, -0.268)
55.65134, 7114, (-0.813, 0.000, -0.268)
55.6581, 7115, (-0.813, 0.000, -0.268)
55.66464, 7116, (-0.813, 0.000, -0.268)
55.67072, 7117, (-0.813, 0.000, -0.268)
55.67768, 7118, (-0.813, 0.000, -0.268)
55.68408, 7119, (-0.813, 0.000, -0.268)
55.69114, 7120, (-0.813, 0.000, -0.268)
55.69756, 7121, (-0.813, 0.000, -0.268)
55.7045, 7122, (-0.813, 0.000, -0.268)
55.71138, 7123, (-0.813, 0.000, -0.268)
55.7168, 7124, (-0.813, 0.000, -0.268)
55.72244, 7125, (-0.813, 0.000, -0.268)
55.72831, 7126, (-0.813, 0.000, -0.268)
55.73468, 7127, (-0.813, 0.000, -0.268)
55.74152, 7128, (-0.813, 0.000, -0.268)
55.74736, 7129, (-0.813, 0.000, -0.268)
55.75348, 7130, (-0.813, 0.000, -0.268)
55.75996, 7131, (-0.813, 0.000, -0.268)
55.7663, 7132, (-0.813, 0.000, -0.268)
55.77515, 7133, (-0.813, 0.000, -0.268)
55.7822, 7134, (-0.813, 0.000, -0.268)
55.78906, 7135, (-0.813, 0.000, -0.268)
55.79461, 7136, (-0.813, 0.000, -0.268)
55.80329, 7137, (-0.813, 0.000, -0.268)
55.81478, 7138, (-0.813, 0.000, -0.268)
55.82008, 7139, (-0.813, 0.000, -0.268)
55.8262, 7140, (-0.813, 0.000, -0.268)
55.83235, 7141, (-0.813, 0.000, -0.268)
55.83787, 7142, (-0.813, 0.000, -0.268)
55.84508, 7143, (-0.813, 0.000, -0.268)
55.85265, 7144, (-0.813, 0.000, -0.268)
55.86167, 7145, (-0.813, 0.000, -0.268)
55.86916, 7146, (-0.813, 0.000, -0.268)
55.87689, 7147, (-0.813, 0.000, -0.268)
55.88377, 7148, (-0.813, 0.000, -0.268)
55.89115, 7149, (-0.813, 0.000, -0.268)
55.89685, 7150, (-0.813, 0.000, -0.268)
55.90329, 7151, (-0.813, 0.000, -0.268)
55.91078, 7152, (-0.813, 0.000, -0.268)
55.91818, 7153, (-0.813, 0.000, -0.268)
55.92543, 7154, (-0.813, 0.000, -0.268)
55.93234, 7155, (-0.813, 0.000, -0.268)
55.94037, 7156, (-0.813, 0.000, -0.268)
55.94765, 7157, (-0.813, 0.000, -0.268)
55.95518, 7158, (-0.813, 0.000, -0.268)
55.96235, 7159, (-0.813, 0.000, -0.268)
55.96986, 7160, (-0.813, 0.000, -0.268)
55.97708, 7161, (-0.813, 0.000, -0.268)
55.99212, 7162, (-0.813, 0.000, -0.268)
55.99924, 7163, (-0.813, 0.000, -0.268)
56.00707, 7164, (-0.813, 0.000, -0.268)
56.01431, 7165, (-0.813, 0.000, -0.268)
56.02286, 7166, (-0.813, 0.000, -0.268)
56.03045, 7167, (-0.813, 0.000, -0.268)
56.03894, 7168, (-0.813, 0.000, -0.268)
56.04636, 7169, (-0.813, 0.000, -0.268)
56.05503, 7170, (-0.813, 0.000, -0.268)
56.07512, 7171, (-0.813, 0.000, -0.268)
56.08631, 7172, (-0.813, 0.000, -0.268)
56.09401, 7173, (-0.813, 0.000, -0.268)
56.1013, 7174, (-0.813, 0.000, -0.268)
56.10863, 7175, (-0.813, 0.000, -0.268)
56.11596, 7176, (-0.813, 0.000, -0.268)
56.12236, 7177, (-0.813, 0.000, -0.268)
56.1285, 7178, (-0.813, 0.000, -0.268)
56.1357, 7179, (-0.813, 0.000, -0.268)
56.14351, 7180, (-0.813, 0.000, -0.268)
56.15139, 7181, (-0.813, 0.000, -0.268)
56.15944, 7182, (-0.813, 0.000, -0.268)
56.16732, 7183, (-0.813, 0.000, -0.268)
56.17653, 7184, (-0.813, 0.000, -0.268)
56.18539, 7185, (-0.813, 0.000, -0.268)
56.19506, 7186, (-0.813, 0.000, -0.268)
56.20525, 7187, (-0.813, 0.000, -0.268)
56.2119, 7188, (-0.813, 0.000, -0.268)
56.21965, 7189, (-0.813, 0.000, -0.268)
56.22712, 7190, (-0.813, 0.000, -0.268)
56.23416, 7191, (-0.813, 0.000, -0.268)
56.24203, 7192, (-0.813, 0.000, -0.268)
56.25021, 7193, (-0.813, 0.000, -0.268)
56.2581, 7194, (-0.813, 0.000, -0.268)
56.26484, 7195, (-0.813, 0.000, -0.268)
56.2723, 7196, (-0.813, 0.000, -0.268)
56.27947, 7197, (-0.813, 0.000, -0.268)
56.28645, 7198, (-0.813, 0.000, -0.268)
56.2931, 7199, (-0.813, 0.000, -0.268)
56.30068, 7200, (-0.813, 0.000, -0.268)
56.30939, 7201, (-0.813, 0.000, -0.268)
56.31596, 7202, (-0.813, 0.000, -0.268)
56.32383, 7203, (-0.813, 0.000, -0.268)
56.32992, 7204, (-0.813, 0.000, -0.268)
56.33585, 7205, (-0.813, 0.000, -0.268)
56.34248, 7206, (-0.813, 0.000, -0.268)
56.34909, 7207, (-0.813, 0.000, -0.268)
56.35617, 7208, (-0.813, 0.000, -0.268)
56.36333, 7209, (-0.813, 0.000, -0.268)
56.37098, 7210, (-0.813, 0.000, -0.268)
56.3788, 7211, (-0.813, 0.000, -0.268)
56.38653, 7212, (-0.813, 0.000, -0.268)
56.39314, 7213, (-0.813, 0.000, -0.268)
56.40082, 7214, (-0.813, 0.000, -0.268)
56.40843, 7215, (-0.813, 0.000, -0.268)
56.41495, 7216, (-0.813, 0.000, -0.268)
56.42449, 7217, (-0.813, 0.000, -0.268)
56.43343, 7218, (-0.813, 0.000, -0.268)
56.44195, 7219, (-0.813, 0.000, -0.268)
56.44919, 7220, (-0.813, 0.000, -0.268)
56.45642, 7221, (-0.813, 0.000, -0.268)
56.46568, 7222, (-0.813, 0.000, -0.268)
56.47604, 7223, (-0.813, 0.000, -0.268)
56.48604, 7224, (-0.813, 0.000, -0.268)
56.49571, 7225, (-0.813, 0.000, -0.268)
56.50413, 7226, (-0.813, 0.000, -0.268)
56.51387, 7227, (-0.813, 0.000, -0.268)
56.52235, 7228, (-0.813, 0.000, -0.268)
56.52942, 7229, (-0.813, 0.000, -0.268)
56.53462, 7230, (-0.813, 0.000, -0.268)
56.54061, 7231, (-0.813, 0.000, -0.268)
56.54808, 7232, (-0.813, 0.000, -0.268)
56.55375, 7233, (-0.813, 0.000, -0.268)
56.56147, 7234, (-0.813, 0.000, -0.268)
56.5698, 7235, (-0.813, 0.000, -0.268)
56.57827, 7236, (-0.813, 0.000, -0.268)
56.58791, 7237, (-0.813, 0.000, -0.268)
56.5975, 7238, (-0.813, 0.000, -0.268)
56.60687, 7239, (-0.813, 0.000, -0.268)
56.61635, 7240, (-0.813, 0.000, -0.268)
56.62551, 7241, (-0.813, 0.000, -0.268)
56.6353, 7242, (-0.813, 0.000, -0.268)
56.64264, 7243, (-0.813, 0.000, -0.268)
56.65126, 7244, (-0.813, 0.000, -0.268)
56.65852, 7245, (-0.813, 0.000, -0.268)
56.66389, 7246, (-0.813, 0.000, -0.268)
56.6703, 7247, (-0.813, 0.000, -0.268)
56.67809, 7248, (-0.813, 0.000, -0.268)
56.68571, 7249, (-0.813, 0.000, -0.268)
56.6919, 7250, (-0.813, 0.000, -0.268)
56.69942, 7251, (-0.813, 0.000, -0.268)
56.70888, 7252, (-0.813, 0.000, -0.268)
56.71653, 7253, (-0.813, 0.000, -0.268)
56.72442, 7254, (-0.813, 0.000, -0.268)
56.73386, 7255, (-0.813, 0.000, -0.268)
56.74319, 7256, (-0.813, 0.000, -0.268)
56.7519, 7257, (-0.813, 0.000, -0.268)
56.7609, 7258, (-0.813, 0.000, -0.268)
56.76974, 7259, (-0.813, 0.000, -0.268)
56.78107, 7260, (-0.813, 0.000, -0.268)
56.79041, 7261, (-0.813, 0.000, -0.268)
56.79885, 7262, (-0.813, 0.000, -0.268)
56.80769, 7263, (-0.813, 0.000, -0.268)
56.8178, 7264, (-0.813, 0.000, -0.268)
56.82664, 7265, (-0.813, 0.000, -0.268)
56.83517, 7266, (-0.813, 0.000, -0.268)
56.84504, 7267, (-0.813, 0.000, -0.268)
56.85547, 7268, (-0.813, 0.000, -0.268)
56.86485, 7269, (-0.813, 0.000, -0.268)
56.87446, 7270, (-0.813, 0.000, -0.268)
56.88114, 7271, (-0.813, 0.000, -0.268)
56.89066, 7272, (-0.813, 0.000, -0.268)
56.89752, 7273, (-0.813, 0.000, -0.268)
56.90536, 7274, (-0.813, 0.000, -0.268)
56.91275, 7275, (-0.813, 0.000, -0.268)
56.92411, 7276, (-0.813, 0.000, -0.268)
56.93056, 7277, (-0.813, 0.000, -0.268)
56.9382, 7278, (-0.813, 0.000, -0.268)
56.9458, 7279, (-0.813, 0.000, -0.268)
56.95372, 7280, (-0.813, 0.000, -0.268)
56.96083, 7281, (-0.813, 0.000, -0.268)
56.96817, 7282, (-0.813, 0.000, -0.268)
56.97641, 7283, (-0.813, 0.000, -0.268)
56.98361, 7284, (-0.813, 0.000, -0.268)
56.99201, 7285, (-0.813, 0.000, -0.268)
56.99946, 7286, (-0.813, 0.000, -0.268)
57.00731, 7287, (-0.813, 0.000, -0.268)
57.01516, 7288, (-0.813, 0.000, -0.268)
57.02302, 7289, (-0.813, 0.000, -0.268)
57.03255, 7290, (-0.813, 0.000, -0.268)
57.04039, 7291, (-0.813, 0.000, -0.268)
57.04793, 7292, (-0.813, 0.000, -0.268)
57.05638, 7293, (-0.813, 0.000, -0.268)
57.06392, 7294, (-0.813, 0.000, -0.268)
57.0721, 7295, (-0.813, 0.000, -0.268)
57.07947, 7296, (-0.813, 0.000, -0.268)
57.08837, 7297, (-0.813, 0.000, -0.268)
57.09601, 7298, (-0.813, 0.000, -0.268)
57.10301, 7299, (-0.813, 0.000, -0.268)
57.11031, 7300, (-0.813, 0.000, -0.268)
57.11778, 7301, (-0.813, 0.000, -0.268)
57.12508, 7302, (-0.813, 0.000, -0.268)
57.13206, 7303, (-0.813, 0.000, -0.268)
57.13905, 7304, (-0.813, 0.000, -0.268)
57.14481, 7305, (-0.813, 0.000, -0.268)
57.15168, 7306, (-0.813, 0.000, -0.268)
57.15906, 7307, (-0.813, 0.000, -0.268)
57.16686, 7308, (-0.813, 0.000, -0.268)
57.17546, 7309, (-0.813, 0.000, -0.268)
57.18296, 7310, (-0.813, 0.000, -0.268)
57.19086, 7311, (-0.813, 0.000, -0.268)
57.19737, 7312, (-0.813, 0.000, -0.268)
57.20284, 7313, (-0.813, 0.000, -0.268)
57.21224, 7314, (-0.813, 0.000, -0.268)
57.224, 7315, (-0.813, 0.000, -0.268)
57.22962, 7316, (-0.813, 0.000, -0.268)
57.23658, 7317, (-0.813, 0.000, -0.268)
57.24444, 7318, (-0.813, 0.000, -0.268)
57.25188, 7319, (-0.813, 0.000, -0.268)
57.25984, 7320, (-0.813, 0.000, -0.268)
57.26693, 7321, (-0.813, 0.000, -0.268)
57.27517, 7322, (-0.813, 0.000, -0.268)
57.29315, 7323, (-0.813, 0.000, -0.268)
57.31091, 7324, (-0.813, 0.000, -0.268)
57.31921, 7325, (-0.813, 0.000, -0.268)
57.32706, 7326, (-0.813, 0.000, -0.268)
57.3336, 7327, (-0.813, 0.000, -0.268)
57.3415, 7328, (-0.813, 0.000, -0.268)
57.349, 7329, (-0.813, 0.000, -0.268)
57.35741, 7330, (-0.813, 0.000, -0.268)
57.3651, 7331, (-0.813, 0.000, -0.268)
57.37268, 7332, (-0.813, 0.000, -0.268)
57.37993, 7333, (-0.813, 0.000, -0.268)
57.38662, 7334, (-0.813, 0.000, -0.268)
57.39456, 7335, (-0.813, 0.000, -0.268)
57.40163, 7336, (-0.813, 0.000, -0.268)
57.40963, 7337, (-0.813, 0.000, -0.268)
57.41731, 7338, (-0.813, 0.000, -0.268)
57.42513, 7339, (-0.813, 0.000, -0.268)
57.43196, 7340, (-0.813, 0.000, -0.268)
57.44017, 7341, (-0.813, 0.000, -0.268)
57.44841, 7342, (-0.813, 0.000, -0.268)
57.45583, 7343, (-0.813, 0.000, -0.268)
57.4635, 7344, (-0.813, 0.000, -0.268)
57.47219, 7345, (-0.813, 0.000, -0.268)
57.47938, 7346, (-0.813, 0.000, -0.268)
57.48821, 7347, (-0.813, 0.000, -0.268)
57.49566, 7348, (-0.813, 0.000, -0.268)
57.50222, 7349, (-0.813, 0.000, -0.268)
57.50986, 7350, (-0.813, 0.000, -0.268)
57.51767, 7351, (-0.813, 0.000, -0.268)
57.52562, 7352, (-0.813, 0.000, -0.268)
57.53311, 7353, (-0.813, 0.000, -0.268)
57.54163, 7354, (-0.813, 0.000, -0.268)
57.5484, 7355, (-0.813, 0.000, -0.268)
57.55539, 7356, (-0.813, 0.000, -0.268)
57.5635, 7357, (-0.813, 0.000, -0.268)
57.57167, 7358, (-0.813, 0.000, -0.268)
57.5782, 7359, (-0.813, 0.000, -0.268)
57.58585, 7360, (-0.813, 0.000, -0.268)
57.59293, 7361, (-0.813, 0.000, -0.268)
57.60013, 7362, (-0.813, 0.000, -0.268)
57.6081, 7363, (-0.813, 0.000, -0.268)
57.61456, 7364, (-0.813, 0.000, -0.268)
57.62242, 7365, (-0.813, 0.000, -0.268)
57.62989, 7366, (-0.813, 0.000, -0.268)
57.63755, 7367, (-0.813, 0.000, -0.268)
57.64548, 7368, (-0.813, 0.000, -0.268)
57.65257, 7369, (-0.813, 0.000, -0.268)
57.66006, 7370, (-0.813, 0.000, -0.268)
57.66743, 7371, (-0.813, 0.000, -0.268)
57.6757, 7372, (-0.813, 0.000, -0.268)
57.68215, 7373, (-0.813, 0.000, -0.268)
57.6903, 7374, (-0.813, 0.000, -0.268)
57.69807, 7375, (-0.813, 0.000, -0.268)
57.70655, 7376, (-0.813, 0.000, -0.268)
57.71413, 7377, (-0.813, 0.000, -0.268)
57.72414, 7378, (-0.813, 0.000, -0.268)
57.73431, 7379, (-0.813, 0.000, -0.268)
57.74354, 7380, (-0.813, 0.000, -0.268)
57.754, 7381, (-0.813, 0.000, -0.268)
57.76312, 7382, (-0.813, 0.000, -0.268)
57.77464, 7383, (-0.813, 0.000, -0.268)
57.78188, 7384, (-0.813, 0.000, -0.268)
57.79177, 7385, (-0.813, 0.000, -0.268)
57.79951, 7386, (-0.813, 0.000, -0.268)
57.80962, 7387, (-0.813, 0.000, -0.268)
57.81673, 7388, (-0.813, 0.000, -0.268)
57.82465, 7389, (-0.813, 0.000, -0.268)
57.83202, 7390, (-0.813, 0.000, -0.268)
57.84079, 7391, (-0.813, 0.000, -0.268)
57.84843, 7392, (-0.813, 0.000, -0.268)
57.85676, 7393, (-0.813, 0.000, -0.268)
57.86656, 7394, (-0.813, 0.000, -0.268)
57.87614, 7395, (-0.813, 0.000, -0.268)
57.885, 7396, (-0.813, 0.000, -0.268)
57.89537, 7397, (-0.813, 0.000, -0.268)
57.90438, 7398, (-0.813, 0.000, -0.268)
57.9137, 7399, (-0.813, 0.000, -0.268)
57.92554, 7400, (-0.813, 0.000, -0.268)
57.93404, 7401, (-0.813, 0.000, -0.268)
57.94342, 7402, (-0.813, 0.000, -0.268)
57.95123, 7403, (-0.813, 0.000, -0.268)
57.96031, 7404, (-0.813, 0.000, -0.268)
57.96724, 7405, (-0.813, 0.000, -0.268)
57.98292, 7406, (-0.813, 0.000, -0.268)
57.99286, 7407, (-0.813, 0.000, -0.268)
58.00048, 7408, (-0.813, 0.000, -0.268)
58.00883, 7409, (-0.813, 0.000, -0.268)
58.01595, 7410, (-0.813, 0.000, -0.268)
58.02454, 7411, (-0.813, 0.000, -0.268)
58.03279, 7412, (-0.813, 0.000, -0.268)
58.04193, 7413, (-0.813, 0.000, -0.268)
58.04894, 7414, (-0.813, 0.000, -0.268)
58.05684, 7415, (-0.813, 0.000, -0.268)
58.06422, 7416, (-0.813, 0.000, -0.268)
58.0714, 7417, (-0.813, 0.000, -0.268)
58.07937, 7418, (-0.813, 0.000, -0.268)
58.08813, 7419, (-0.813, 0.000, -0.268)
58.09418, 7420, (-0.813, 0.000, -0.268)
58.10012, 7421, (-0.813, 0.000, -0.268)
58.10676, 7422, (-0.813, 0.000, -0.268)
58.11303, 7423, (-0.813, 0.000, -0.268)
58.1197, 7424, (-0.813, 0.000, -0.268)
58.1279, 7425, (-0.813, 0.000, -0.268)
58.13513, 7426, (-0.813, 0.000, -0.268)
58.14371, 7427, (-0.813, 0.000, -0.268)
58.15082, 7428, (-0.813, 0.000, -0.268)
58.15896, 7429, (-0.813, 0.000, -0.268)
58.16895, 7430, (-0.813, 0.000, -0.268)
58.17719, 7431, (-0.813, 0.000, -0.268)
58.18506, 7432, (-0.813, 0.000, -0.268)
58.19297, 7433, (-0.813, 0.000, -0.268)
58.20043, 7434, (-0.813, 0.000, -0.268)
58.20844, 7435, (-0.813, 0.000, -0.268)
58.2168, 7436, (-0.813, 0.000, -0.268)
58.22484, 7437, (-0.813, 0.000, -0.268)
58.23245, 7438, (-0.813, 0.000, -0.268)
58.24118, 7439, (-0.813, 0.000, -0.268)
58.24895, 7440, (-0.813, 0.000, -0.268)
58.25673, 7441, (-0.813, 0.000, -0.268)
58.26431, 7442, (-0.813, 0.000, -0.268)
58.27278, 7443, (-0.813, 0.000, -0.268)
58.2819, 7444, (-0.813, 0.000, -0.268)
58.28906, 7445, (-0.813, 0.000, -0.268)
58.29673, 7446, (-0.813, 0.000, -0.268)
58.30378, 7447, (-0.813, 0.000, -0.268)
58.31114, 7448, (-0.813, 0.000, -0.268)
58.31984, 7449, (-0.813, 0.000, -0.268)
58.32801, 7450, (-0.813, 0.000, -0.268)
58.3401, 7451, (-0.813, 0.000, -0.268)
58.34702, 7452, (-0.813, 0.000, -0.268)
58.35356, 7453, (-0.813, 0.000, -0.268)
58.36013, 7454, (-0.813, 0.000, -0.268)
58.37128, 7455, (-0.813, 0.000, -0.268)
58.37895, 7456, (-0.813, 0.000, -0.268)
58.38704, 7457, (-0.813, 0.000, -0.268)
58.39278, 7458, (-0.813, 0.000, -0.268)
58.39836, 7459, (-0.813, 0.000, -0.268)
58.40472, 7460, (-0.813, 0.000, -0.268)
58.41068, 7461, (-0.813, 0.000, -0.268)
58.41663, 7462, (-0.813, 0.000, -0.268)
58.42309, 7463, (-0.813, 0.000, -0.268)
58.42981, 7464, (-0.813, 0.000, -0.268)
58.43665, 7465, (-0.813, 0.000, -0.268)
58.4432, 7466, (-0.813, 0.000, -0.268)
58.44925, 7467, (-0.813, 0.000, -0.268)
58.45627, 7468, (-0.813, 0.000, -0.268)
58.46396, 7469, (-0.813, 0.000, -0.268)
58.47104, 7470, (-0.813, 0.000, -0.268)
58.47815, 7471, (-0.813, 0.000, -0.268)
58.48536, 7472, (-0.813, 0.000, -0.268)
58.49274, 7473, (-0.813, 0.000, -0.268)
58.50117, 7474, (-0.813, 0.000, -0.268)
58.50867, 7475, (-0.813, 0.000, -0.268)
58.51421, 7476, (-0.813, 0.000, -0.268)
58.52224, 7477, (-0.813, 0.000, -0.268)
58.53009, 7478, (-0.813, 0.000, -0.268)
58.53786, 7479, (-0.813, 0.000, -0.268)
58.54502, 7480, (-0.813, 0.000, -0.268)
58.55153, 7481, (-0.813, 0.000, -0.268)
58.55844, 7482, (-0.813, 0.000, -0.268)
58.56501, 7483, (-0.813, 0.000, -0.268)
58.57139, 7484, (-0.813, 0.000, -0.268)
58.57775, 7485, (-0.813, 0.000, -0.268)
58.58397, 7486, (-0.813, 0.000, -0.268)
58.59145, 7487, (-0.813, 0.000, -0.268)
58.5976, 7488, (-0.813, 0.000, -0.268)
58.60339, 7489, (-0.813, 0.000, -0.268)
58.60965, 7490, (-0.813, 0.000, -0.268)
58.61544, 7491, (-0.813, 0.000, -0.268)
58.62217, 7492, (-0.813, 0.000, -0.268)
58.62918, 7493, (-0.813, 0.000, -0.268)
58.63598, 7494, (-0.813, 0.000, -0.268)
58.6432, 7495, (-0.813, 0.000, -0.268)
58.65017, 7496, (-0.813, 0.000, -0.268)
58.6576, 7497, (-0.813, 0.000, -0.268)
58.66438, 7498, (-0.813, 0.000, -0.268)
58.67083, 7499, (-0.813, 0.000, -0.268)
58.67667, 7500, (-0.813, 0.000, -0.268)
58.68254, 7501, (-0.813, 0.000, -0.268)
58.68866, 7502, (-0.813, 0.000, -0.268)
58.69445, 7503, (-0.813, 0.000, -0.268)
58.70175, 7504, (-0.813, 0.000, -0.268)
58.70879, 7505, (-0.813, 0.000, -0.268)
58.7163, 7506, (-0.813, 0.000, -0.268)
58.72364, 7507, (-0.813, 0.000, -0.268)
58.73005, 7508, (-0.813, 0.000, -0.268)
58.73639, 7509, (-0.813, 0.000, -0.268)
58.74321, 7510, (-0.813, 0.000, -0.268)
58.75026, 7511, (-0.813, 0.000, -0.268)
58.75695, 7512, (-0.813, 0.000, -0.268)
58.76375, 7513, (-0.813, 0.000, -0.268)
58.76932, 7514, (-0.813, 0.000, -0.268)
58.77603, 7515, (-0.813, 0.000, -0.268)
58.7821, 7516, (-0.813, 0.000, -0.268)
58.79033, 7517, (-0.813, 0.000, -0.268)
58.79854, 7518, (-0.813, 0.000, -0.268)
58.80614, 7519, (-0.813, 0.000, -0.268)
58.81506, 7520, (-0.813, 0.000, -0.268)
58.82418, 7521, (-0.813, 0.000, -0.268)
58.83146, 7522, (-0.813, 0.000, -0.268)
58.83932, 7523, (-0.813, 0.000, -0.268)
58.84626, 7524, (-0.813, 0.000, -0.268)
58.85522, 7525, (-0.813, 0.000, -0.268)
58.86277, 7526, (-0.813, 0.000, -0.268)
58.87114, 7527, (-0.813, 0.000, -0.268)
58.87818, 7528, (-0.813, 0.000, -0.268)
58.88443, 7529, (-0.813, 0.000, -0.268)
58.89143, 7530, (-0.813, 0.000, -0.268)
58.89988, 7531, (-0.813, 0.000, -0.268)
58.9077, 7532, (-0.813, 0.000, -0.268)
58.91528, 7533, (-0.813, 0.000, -0.268)
58.92286, 7534, (-0.813, 0.000, -0.268)
58.92951, 7535, (-0.813, 0.000, -0.268)
58.93726, 7536, (-0.813, 0.000, -0.268)
58.94442, 7537, (-0.813, 0.000, -0.268)
58.95019, 7538, (-0.813, 0.000, -0.268)
58.95658, 7539, (-0.813, 0.000, -0.268)
58.9622, 7540, (-0.813, 0.000, -0.268)
58.96839, 7541, (-0.813, 0.000, -0.268)
58.97633, 7542, (-0.813, 0.000, -0.268)
58.98313, 7543, (-0.813, 0.000, -0.268)
58.99083, 7544, (-0.813, 0.000, -0.268)
58.99815, 7545, (-0.813, 0.000, -0.268)
59.00558, 7546, (-0.813, 0.000, -0.268)
59.01238, 7547, (-0.813, 0.000, -0.268)
59.01943, 7548, (-0.813, 0.000, -0.268)
59.02636, 7549, (-0.813, 0.000, -0.268)
59.03283, 7550, (-0.813, 0.000, -0.268)
59.04009, 7551, (-0.813, 0.000, -0.268)
59.04618, 7552, (-0.813, 0.000, -0.268)
59.05213, 7553, (-0.813, 0.000, -0.268)
59.05938, 7554, (-0.813, 0.000, -0.268)
59.06686, 7555, (-0.813, 0.000, -0.268)
59.07466, 7556, (-0.813, 0.000, -0.268)
59.08118, 7557, (-0.813, 0.000, -0.268)
59.08784, 7558, (-0.813, 0.000, -0.268)
59.09423, 7559, (-0.813, 0.000, -0.268)
59.10097, 7560, (-0.813, 0.000, -0.268)
59.10682, 7561, (-0.813, 0.000, -0.268)
59.11218, 7562, (-0.813, 0.000, -0.268)
59.11851, 7563, (-0.813, 0.000, -0.268)
59.12524, 7564, (-0.813, 0.000, -0.268)
59.13203, 7565, (-0.813, 0.000, -0.268)
59.13935, 7566, (-0.813, 0.000, -0.268)
59.14716, 7567, (-0.813, 0.000, -0.268)
59.15407, 7568, (-0.813, 0.000, -0.268)
59.16165, 7569, (-0.813, 0.000, -0.268)
59.16855, 7570, (-0.813, 0.000, -0.268)
59.17591, 7571, (-0.813, 0.000, -0.268)
59.18125, 7572, (-0.813, 0.000, -0.268)
59.18716, 7573, (-0.813, 0.000, -0.268)
59.19289, 7574, (-0.813, 0.000, -0.268)
59.19957, 7575, (-0.813, 0.000, -0.268)
59.20728, 7576, (-0.813, 0.000, -0.268)
59.21452, 7577, (-0.813, 0.000, -0.268)
59.22172, 7578, (-0.813, 0.000, -0.268)
59.22877, 7579, (-0.813, 0.000, -0.268)
59.23505, 7580, (-0.813, 0.000, -0.268)
59.24257, 7581, (-0.813, 0.000, -0.268)
59.24974, 7582, (-0.813, 0.000, -0.268)
59.25724, 7583, (-0.813, 0.000, -0.268)
59.2647, 7584, (-0.813, 0.000, -0.268)
59.2722, 7585, (-0.813, 0.000, -0.268)
59.27976, 7586, (-0.813, 0.000, -0.268)
59.2891, 7587, (-0.813, 0.000, -0.268)
59.29654, 7588, (-0.813, 0.000, -0.268)
59.30463, 7589, (-0.813, 0.000, -0.268)
59.31537, 7590, (-0.813, 0.000, -0.268)
59.33117, 7591, (-0.813, 0.000, -0.268)
59.33925, 7592, (-0.813, 0.000, -0.268)
59.34682, 7593, (-0.813, 0.000, -0.268)
59.35368, 7594, (-0.813, 0.000, -0.268)
59.36143, 7595, (-0.813, 0.000, -0.268)
59.36835, 7596, (-0.813, 0.000, -0.268)
59.37544, 7597, (-0.813, 0.000, -0.268)
59.38292, 7598, (-0.813, 0.000, -0.268)
59.39034, 7599, (-0.813, 0.000, -0.268)
59.39738, 7600, (-0.813, 0.000, -0.268)
59.4046, 7601, (-0.813, 0.000, -0.268)
59.41211, 7602, (-0.813, 0.000, -0.268)
59.41923, 7603, (-0.813, 0.000, -0.268)
59.42725, 7604, (-0.813, 0.000, -0.268)
59.43457, 7605, (-0.813, 0.000, -0.268)
59.44232, 7606, (-0.813, 0.000, -0.268)
59.45019, 7607, (-0.813, 0.000, -0.268)
59.4584, 7608, (-0.813, 0.000, -0.268)
59.46588, 7609, (-0.813, 0.000, -0.268)
59.47231, 7610, (-0.813, 0.000, -0.268)
59.47862, 7611, (-0.813, 0.000, -0.268)
59.48578, 7612, (-0.813, 0.000, -0.268)
59.49221, 7613, (-0.813, 0.000, -0.268)
59.49947, 7614, (-0.813, 0.000, -0.268)
59.50728, 7615, (-0.813, 0.000, -0.268)
59.51472, 7616, (-0.813, 0.000, -0.268)
59.52218, 7617, (-0.813, 0.000, -0.268)
59.52901, 7618, (-0.813, 0.000, -0.268)
59.53531, 7619, (-0.813, 0.000, -0.268)
59.54542, 7620, (-0.813, 0.000, -0.268)
59.55964, 7621, (-0.813, 0.000, -0.268)
59.56712, 7622, (-0.813, 0.000, -0.268)
59.57458, 7623, (-0.813, 0.000, -0.268)
59.58438, 7624, (-0.813, 0.000, -0.268)
59.59652, 7625, (-0.813, 0.000, -0.268)
59.60569, 7626, (-0.813, 0.000, -0.268)
59.6183, 7627, (-0.813, 0.000, -0.268)
59.63168, 7628, (-0.813, 0.000, -0.268)
59.63987, 7629, (-0.813, 0.000, -0.268)
59.6502, 7630, (-0.813, 0.000, -0.268)
59.66276, 7631, (-0.813, 0.000, -0.268)
59.66935, 7632, (-0.813, 0.000, -0.268)
59.6806, 7633, (-0.813, 0.000, -0.268)
59.69336, 7634, (-0.813, 0.000, -0.268)
59.70028, 7635, (-0.813, 0.000, -0.268)
59.7113, 7636, (-0.813, 0.000, -0.268)
59.72218, 7637, (-0.813, 0.000, -0.268)
59.72791, 7638, (-0.813, 0.000, -0.268)
59.73357, 7639, (-0.813, 0.000, -0.268)
59.74303, 7640, (-0.813, 0.000, -0.268)
59.75484, 7641, (-0.813, 0.000, -0.268)
59.76148, 7642, (-0.813, 0.000, -0.268)
59.76814, 7643, (-0.813, 0.000, -0.268)
59.77635, 7644, (-0.813, 0.000, -0.268)
59.78747, 7645, (-0.812, 0.000, -0.268)
59.79893, 7646, (-0.812, 0.000, -0.268)
59.806, 7647, (-0.812, 0.000, -0.268)
59.82346, 7648, (-0.812, 0.000, -0.268)
59.84084, 7649, (-0.812, 0.000, -0.268)
59.855, 7650, (-0.812, 0.000, -0.268)
59.86173, 7651, (-0.812, 0.000, -0.268)
59.86995, 7652, (-0.812, 0.000, -0.268)
59.87783, 7653, (-0.812, 0.000, -0.268)
59.88892, 7654, (-0.812, 0.000, -0.268)
59.90036, 7655, (-0.812, 0.000, -0.268)
59.90775, 7656, (-0.812, 0.000, -0.268)
59.91732, 7657, (-0.812, 0.000, -0.268)
59.93036, 7658, (-0.812, 0.000, -0.268)
59.93831, 7659, (-0.812, 0.000, -0.268)
59.94504, 7660, (-0.812, 0.000, -0.268)
59.95186, 7661, (-0.812, 0.000, -0.268)
59.96018, 7662, (-0.812, 0.000, -0.268)
59.96753, 7663, (-0.812, 0.000, -0.268)
59.98204, 7664, (-0.812, 0.000, -0.268)
59.99485, 7665, (-0.812, 0.000, -0.268)
60.00175, 7666, (-0.812, 0.000, -0.268)
60.01107, 7667, (-0.812, 0.000, -0.268)
60.01855, 7668, (-0.812, 0.000, -0.268)
60.0298, 7669, (-0.812, 0.000, -0.268)
60.04209, 7670, (-0.812, 0.000, -0.268)
60.04848, 7671, (-0.812, 0.000, -0.268)
60.05923, 7672, (-0.812, 0.000, -0.269)
60.07184, 7673, (-0.812, 0.000, -0.269)
60.07906, 7674, (-0.812, 0.000, -0.269)
60.08669, 7675, (-0.812, 0.000, -0.269)
60.09558, 7676, (-0.812, 0.000, -0.269)
60.10739, 7677, (-0.812, 0.000, -0.269)
60.11927, 7678, (-0.812, 0.000, -0.269)
60.12698, 7679, (-0.812, 0.000, -0.269)
60.13405, 7680, (-0.812, 0.000, -0.269)
60.14117, 7681, (-0.812, 0.000, -0.269)
60.14772, 7682, (-0.812, 0.000, -0.269)
60.15533, 7683, (-0.812, 0.000, -0.269)
60.16222, 7684, (-0.812, 0.000, -0.269)
60.16918, 7685, (-0.812, 0.000, -0.269)
60.17678, 7686, (-0.812, 0.000, -0.269)
60.18404, 7687, (-0.812, 0.000, -0.269)
60.1917, 7688, (-0.812, 0.000, -0.269)
60.19827, 7689, (-0.812, 0.000, -0.269)
60.20623, 7690, (-0.812, 0.000, -0.269)
60.21349, 7691, (-0.812, 0.000, -0.269)
60.22089, 7692, (-0.812, 0.000, -0.269)
60.22859, 7693, (-0.812, 0.000, -0.269)
60.23532, 7694, (-0.812, 0.000, -0.269)
60.24376, 7695, (-0.812, 0.000, -0.269)
60.25092, 7696, (-0.812, 0.000, -0.269)
60.25854, 7697, (-0.812, 0.000, -0.269)
60.26543, 7698, (-0.812, 0.000, -0.269)
60.27293, 7699, (-0.812, 0.000, -0.269)
60.28008, 7700, (-0.812, 0.000, -0.269)
60.28608, 7701, (-0.812, 0.000, -0.269)
60.29173, 7702, (-0.812, 0.000, -0.269)
60.29763, 7703, (-0.812, 0.000, -0.269)
60.30466, 7704, (-0.812, 0.000, -0.269)
60.31106, 7705, (-0.812, 0.000, -0.269)
60.3166, 7706, (-0.812, 0.000, -0.269)
60.32373, 7707, (-0.812, 0.000, -0.269)
60.32916, 7708, (-0.812, 0.000, -0.269)
60.33442, 7709, (-0.812, 0.000, -0.269)
60.3411, 7710, (-0.812, 0.000, -0.269)
60.34683, 7711, (-0.812, 0.000, -0.269)
60.35315, 7712, (-0.812, 0.000, -0.269)
60.35973, 7713, (-0.812, 0.000, -0.269)
60.36606, 7714, (-0.812, 0.000, -0.269)
60.37354, 7715, (-0.812, 0.000, -0.269)
60.38013, 7716, (-0.812, 0.000, -0.269)
60.38794, 7717, (-0.812, 0.000, -0.269)
60.39524, 7718, (-0.812, 0.000, -0.269)
60.40138, 7719, (-0.812, 0.000, -0.269)
60.41137, 7720, (-0.812, 0.000, -0.269)
60.425, 7721, (-0.812, 0.000, -0.269)
60.43246, 7722, (-0.812, 0.000, -0.269)
60.44074, 7723, (-0.812, 0.000, -0.269)
60.44776, 7724, (-0.812, 0.000, -0.269)
60.45586, 7725, (-0.812, 0.000, -0.269)
60.46317, 7726, (-0.812, 0.000, -0.269)
60.4687, 7727, (-0.812, 0.000, -0.269)
60.47515, 7728, (-0.812, 0.000, -0.269)
60.48236, 7729, (-0.812, 0.000, -0.269)
60.48934, 7730, (-0.812, 0.000, -0.269)
60.49585, 7731, (-0.812, 0.000, -0.269)
60.5023, 7732, (-0.812, 0.000, -0.269)
60.50934, 7733, (-0.812, 0.000, -0.269)
60.51723, 7734, (-0.812, 0.000, -0.269)
60.52605, 7735, (-0.812, 0.000, -0.269)
60.53337, 7736, (-0.812, 0.000, -0.269)
60.54166, 7737, (-0.812, 0.000, -0.269)
60.54928, 7738, (-0.812, 0.000, -0.269)
60.55737, 7739, (-0.812, 0.000, -0.269)
60.56449, 7740, (-0.812, 0.000, -0.269)
60.57174, 7741, (-0.812, 0.000, -0.269)
60.57818, 7742, (-0.812, 0.000, -0.269)
60.58386, 7743, (-0.812, 0.000, -0.269)
60.59019, 7744, (-0.812, 0.000, -0.269)
60.59581, 7745, (-0.812, 0.000, -0.269)
60.603, 7746, (-0.812, 0.000, -0.269)
60.61153, 7747, (-0.812, 0.000, -0.269)
60.61921, 7748, (-0.812, 0.000, -0.269)
60.62681, 7749, (-0.812, 0.000, -0.269)
60.63382, 7750, (-0.812, 0.000, -0.269)
60.64148, 7751, (-0.812, 0.000, -0.269)
60.6483, 7752, (-0.812, 0.000, -0.269)
60.65501, 7753, (-0.812, 0.000, -0.269)
60.66121, 7754, (-0.812, 0.000, -0.269)
60.66793, 7755, (-0.812, 0.000, -0.269)
60.67431, 7756, (-0.812, 0.000, -0.269)
60.68152, 7757, (-0.812, 0.000, -0.269)
60.68901, 7758, (-0.812, 0.000, -0.269)
60.69574, 7759, (-0.812, 0.000, -0.269)
60.7019, 7760, (-0.812, 0.000, -0.269)
60.70916, 7761, (-0.812, 0.000, -0.269)
60.71632, 7762, (-0.812, 0.000, -0.269)
60.72279, 7763, (-0.812, 0.000, -0.269)
60.72838, 7764, (-0.812, 0.000, -0.269)
60.7347, 7765, (-0.812, 0.000, -0.269)
60.74282, 7766, (-0.812, 0.000, -0.269)
60.75031, 7767, (-0.812, 0.000, -0.269)
60.75738, 7768, (-0.812, 0.000, -0.269)
60.76297, 7769, (-0.812, 0.000, -0.269)
60.76933, 7770, (-0.812, 0.000, -0.269)
60.77617, 7771, (-0.812, 0.000, -0.269)
60.78296, 7772, (-0.812, 0.000, -0.269)
60.79027, 7773, (-0.812, 0.000, -0.269)
60.79703, 7774, (-0.812, 0.000, -0.269)
60.80458, 7775, (-0.812, 0.000, -0.269)
60.81183, 7776, (-0.812, 0.000, -0.269)
60.81933, 7777, (-0.812, 0.000, -0.269)
60.82664, 7778, (-0.812, 0.000, -0.269)
60.8326, 7779, (-0.812, 0.000, -0.269)
60.83892, 7780, (-0.812, 0.000, -0.269)
60.84559, 7781, (-0.812, 0.000, -0.269)
60.85476, 7782, (-0.812, 0.000, -0.269)
60.86185, 7783, (-0.812, 0.000, -0.269)
60.86979, 7784, (-0.812, 0.000, -0.269)
60.87748, 7785, (-0.812, 0.000, -0.269)
60.88472, 7786, (-0.812, 0.000, -0.269)
60.89175, 7787, (-0.812, 0.000, -0.269)
60.89816, 7788, (-0.812, 0.000, -0.269)
60.90483, 7789, (-0.812, 0.000, -0.269)
60.91201, 7790, (-0.812, 0.000, -0.269)
60.91866, 7791, (-0.812, 0.000, -0.269)
60.92523, 7792, (-0.812, 0.000, -0.269)
60.93212, 7793, (-0.812, 0.000, -0.269)
60.93973, 7794, (-0.812, 0.000, -0.269)
60.94624, 7795, (-0.812, 0.000, -0.269)
60.95277, 7796, (-0.812, 0.000, -0.269)
60.95985, 7797, (-0.812, 0.000, -0.269)
60.96653, 7798, (-0.812, 0.000, -0.269)
60.97416, 7799, (-0.812, 0.000, -0.269)
60.98104, 7800, (-0.812, 0.000, -0.269)
60.98919, 7801, (-0.812, 0.000, -0.269)
60.99629, 7802, (-0.812, 0.000, -0.269)
61.00252, 7803, (-0.812, 0.000, -0.269)
61.00948, 7804, (-0.812, 0.000, -0.269)
61.01548, 7805, (-0.812, 0.000, -0.269)
61.02137, 7806, (-0.812, 0.000, -0.269)
61.02705, 7807, (-0.812, 0.000, -0.269)
61.03362, 7808, (-0.812, 0.000, -0.269)
61.04121, 7809, (-0.812, 0.000, -0.269)
61.04768, 7810, (-0.812, 0.000, -0.269)
61.05556, 7811, (-0.812, 0.000, -0.269)
61.06218, 7812, (-0.812, 0.000, -0.269)
61.06889, 7813, (-0.812, 0.000, -0.269)
61.07712, 7814, (-0.812, 0.000, -0.269)
61.08424, 7815, (-0.812, 0.000, -0.269)
61.09178, 7816, (-0.812, 0.000, -0.269)
61.09905, 7817, (-0.812, 0.000, -0.269)
61.10673, 7818, (-0.812, 0.000, -0.269)
61.11334, 7819, (-0.812, 0.000, -0.269)
61.12028, 7820, (-0.812, 0.000, -0.269)
61.12691, 7821, (-0.812, 0.000, -0.269)
61.13304, 7822, (-0.812, 0.000, -0.269)
61.13934, 7823, (-0.812, 0.000, -0.269)
61.14467, 7824, (-0.812, 0.000, -0.269)
61.15018, 7825, (-0.812, 0.000, -0.269)
61.1568, 7826, (-0.812, 0.000, -0.269)
61.16385, 7827, (-0.812, 0.000, -0.269)
61.17079, 7828, (-0.812, 0.000, -0.269)
61.17712, 7829, (-0.812, 0.000, -0.269)
61.1828, 7830, (-0.812, 0.000, -0.269)
61.18897, 7831, (-0.812, 0.000, -0.269)
61.19463, 7832, (-0.812, 0.000, -0.269)
61.20035, 7833, (-0.812, 0.000, -0.269)
61.20644, 7834, (-0.812, 0.000, -0.269)
61.21233, 7835, (-0.812, 0.000, -0.269)
61.21957, 7836, (-0.812, 0.000, -0.269)
61.22522, 7837, (-0.812, 0.000, -0.269)
61.23117, 7838, (-0.812, 0.000, -0.269)
61.23695, 7839, (-0.812, 0.000, -0.269)
61.24274, 7840, (-0.812, 0.000, -0.269)
61.24847, 7841, (-0.812, 0.000, -0.269)
61.25478, 7842, (-0.812, 0.000, -0.269)
61.26097, 7843, (-0.812, 0.000, -0.269)
61.26723, 7844, (-0.812, 0.000, -0.269)
61.27523, 7845, (-0.812, 0.000, -0.269)
61.28354, 7846, (-0.812, 0.000, -0.269)
61.29156, 7847, (-0.812, 0.000, -0.269)
61.29821, 7848, (-0.812, 0.000, -0.269)
61.30493, 7849, (-0.812, 0.000, -0.269)
61.31227, 7850, (-0.812, 0.000, -0.269)
61.31943, 7851, (-0.812, 0.000, -0.269)
61.32635, 7852, (-0.812, 0.000, -0.269)
61.33256, 7853, (-0.812, 0.000, -0.269)
61.34094, 7854, (-0.812, 0.000, -0.269)
61.34865, 7855, (-0.812, 0.000, -0.269)
61.35642, 7856, (-0.812, 0.000, -0.269)
61.3636, 7857, (-0.812, 0.000, -0.269)
61.37101, 7858, (-0.812, 0.000, -0.269)
61.37778, 7859, (-0.812, 0.000, -0.269)
61.38554, 7860, (-0.812, 0.000, -0.269)
61.39207, 7861, (-0.812, 0.000, -0.269)
61.39855, 7862, (-0.812, 0.000, -0.269)
61.40535, 7863, (-0.812, 0.000, -0.269)
61.41177, 7864, (-0.812, 0.000, -0.269)
61.41819, 7865, (-0.812, 0.000, -0.269)
61.42551, 7866, (-0.812, 0.000, -0.269)
61.43214, 7867, (-0.812, 0.000, -0.269)
61.44004, 7868, (-0.812, 0.000, -0.269)
61.44663, 7869, (-0.812, 0.000, -0.269)
61.45412, 7870, (-0.812, 0.000, -0.269)
61.46147, 7871, (-0.812, 0.000, -0.269)
61.4682, 7872, (-0.812, 0.000, -0.269)
61.4761, 7873, (-0.812, 0.000, -0.269)
61.48314, 7874, (-0.812, 0.000, -0.269)
61.49057, 7875, (-0.812, 0.000, -0.269)
61.49701, 7876, (-0.812, 0.000, -0.269)
61.50467, 7877, (-0.812, 0.000, -0.269)
61.5119, 7878, (-0.812, 0.000, -0.269)
61.51899, 7879, (-0.812, 0.000, -0.269)
61.52656, 7880, (-0.812, 0.000, -0.269)
61.53295, 7881, (-0.812, 0.000, -0.269)
61.53992, 7882, (-0.812, 0.000, -0.269)
61.54723, 7883, (-0.812, 0.000, -0.269)
61.55439, 7884, (-0.812, 0.000, -0.269)
61.56115, 7885, (-0.812, 0.000, -0.269)
61.56812, 7886, (-0.812, 0.000, -0.269)
61.57458, 7887, (-0.812, 0.000, -0.269)
61.58102, 7888, (-0.812, 0.000, -0.269)
61.58909, 7889, (-0.812, 0.000, -0.269)
61.59505, 7890, (-0.812, 0.000, -0.269)
61.60164, 7891, (-0.812, 0.000, -0.269)
61.6087, 7892, (-0.812, 0.000, -0.269)
61.61456, 7893, (-0.812, 0.000, -0.269)
61.6215, 7894, (-0.812, 0.000, -0.269)
61.62842, 7895, (-0.812, 0.000, -0.269)
61.63412, 7896, (-0.812, 0.000, -0.269)
61.64129, 7897, (-0.812, 0.000, -0.269)
61.64774, 7898, (-0.812, 0.000, -0.269)
61.65505, 7899, (-0.812, 0.000, -0.269)
61.66821, 7900, (-0.812, 0.000, -0.269)
61.67608, 7901, (-0.812, 0.000, -0.269)
61.6832, 7902, (-0.812, 0.000, -0.269)
61.69118, 7903, (-0.812, 0.000, -0.269)
61.69744, 7904, (-0.812, 0.000, -0.269)
61.70475, 7905, (-0.812, 0.000, -0.269)
61.71206, 7906, (-0.812, 0.000, -0.269)
61.7187, 7907, (-0.812, 0.000, -0.269)
61.72512, 7908, (-0.812, 0.000, -0.269)
61.73143, 7909, (-0.812, 0.000, -0.269)
61.73944, 7910, (-0.812, 0.000, -0.269)
61.74622, 7911, (-0.812, 0.000, -0.269)
61.75366, 7912, (-0.812, 0.000, -0.269)
61.76046, 7913, (-0.812, 0.000, -0.269)
61.76625, 7914, (-0.812, 0.000, -0.269)
61.77277, 7915, (-0.812, 0.000, -0.269)
61.77969, 7916, (-0.812, 0.000, -0.269)
61.78716, 7917, (-0.812, 0.000, -0.269)
61.79527, 7918, (-0.812, 0.000, -0.269)
61.80158, 7919, (-0.812, 0.000, -0.269)
61.80886, 7920, (-0.812, 0.000, -0.269)
61.81548, 7921, (-0.812, 0.000, -0.269)
61.82276, 7922, (-0.812, 0.000, -0.269)
61.82872, 7923, (-0.812, 0.000, -0.269)
61.83498, 7924, (-0.812, 0.000, -0.269)
61.84155, 7925, (-0.812, 0.000, -0.269)
61.84938, 7926, (-0.812, 0.000, -0.269)
61.85625, 7927, (-0.812, 0.000, -0.269)
61.86248, 7928, (-0.812, 0.000, -0.269)
61.86932, 7929, (-0.812, 0.000, -0.269)
61.87689, 7930, (-0.812, 0.000, -0.269)
61.88429, 7931, (-0.812, 0.000, -0.269)
61.89222, 7932, (-0.812, 0.000, -0.269)
61.89857, 7933, (-0.812, 0.000, -0.269)
61.90565, 7934, (-0.812, 0.000, -0.269)
61.91275, 7935, (-0.812, 0.000, -0.269)
61.91964, 7936, (-0.812, 0.000, -0.269)
61.92731, 7937, (-0.812, 0.000, -0.269)
61.93502, 7938, (-0.812, 0.000, -0.269)
61.9429, 7939, (-0.812, 0.000, -0.269)
61.94997, 7940, (-0.812, 0.000, -0.269)
61.95694, 7941, (-0.812, 0.000, -0.269)
61.96337, 7942, (-0.812, 0.000, -0.269)
61.96862, 7943, (-0.812, 0.000, -0.269)
61.97462, 7944, (-0.812, 0.000, -0.269)
61.97996, 7945, (-0.812, 0.000, -0.269)
61.98576, 7946, (-0.812, 0.000, -0.269)
61.99131, 7947, (-0.812, 0.000, -0.269)
61.99745, 7948, (-0.812, 0.000, -0.269)
62.00412, 7949, (-0.812, 0.000, -0.269)
62.01052, 7950, (-0.812, 0.000, -0.269)
62.01738, 7951, (-0.812, 0.000, -0.269)
62.02375, 7952, (-0.812, 0.000, -0.269)
62.03065, 7953, (-0.812, 0.000, -0.269)
62.03746, 7954, (-0.812, 0.000, -0.269)
62.04304, 7955, (-0.812, 0.000, -0.269)
62.04951, 7956, (-0.812, 0.000, -0.269)
62.05633, 7957, (-0.812, 0.000, -0.269)
62.06293, 7958, (-0.812, 0.000, -0.269)
62.07008, 7959, (-0.812, 0.000, -0.269)
62.07679, 7960, (-0.812, 0.000, -0.269)
62.08368, 7961, (-0.812, 0.000, -0.269)
62.09092, 7962, (-0.812, 0.000, -0.269)
62.09742, 7963, (-0.812, 0.000, -0.269)
62.10373, 7964, (-0.812, 0.000, -0.269)
62.11031, 7965, (-0.812, 0.000, -0.269)
62.11756, 7966, (-0.812, 0.000, -0.269)
62.12429, 7967, (-0.812, 0.000, -0.269)
62.13011, 7968, (-0.812, 0.000, -0.269)
62.13568, 7969, (-0.812, 0.000, -0.269)
62.14175, 7970, (-0.812, 0.000, -0.269)
62.1484, 7971, (-0.812, 0.000, -0.269)
62.15443, 7972, (-0.812, 0.000, -0.269)
62.16113, 7973, (-0.812, 0.000, -0.269)
62.16726, 7974, (-0.812, 0.000, -0.269)
62.17427, 7975, (-0.812, 0.000, -0.269)
62.18093, 7976, (-0.812, 0.000, -0.269)
62.18827, 7977, (-0.812, 0.000, -0.269)
62.1946, 7978, (-0.812, 0.000, -0.269)
62.20111, 7979, (-0.812, 0.000, -0.269)
62.21113, 7980, (-0.812, 0.000, -0.269)
62.21667, 7981, (-0.812, 0.000, -0.269)
62.22358, 7982, (-0.812, 0.000, -0.269)
62.22997, 7983, (-0.812, 0.000, -0.269)
62.23596, 7984, (-0.812, 0.000, -0.269)
62.24473, 7985, (-0.812, 0.000, -0.269)
62.25222, 7986, (-0.812, 0.000, -0.269)
62.2603, 7987, (-0.812, 0.000, -0.269)
62.26708, 7988, (-0.812, 0.000, -0.269)
62.27526, 7989, (-0.812, 0.000, -0.269)
62.28352, 7990, (-0.812, 0.000, -0.269)
62.2922, 7991, (-0.812, 0.000, -0.269)
62.29977, 7992, (-0.812, 0.000, -0.269)
62.30749, 7993, (-0.812, 0.000, -0.269)
62.31765, 7994, (-0.812, 0.000, -0.269)
62.32774, 7995, (-0.812, 0.000, -0.269)
62.33429, 7996, (-0.812, 0.000, -0.269)
62.34155, 7997, (-0.812, 0.000, -0.269)
62.34866, 7998, (-0.812, 0.000, -0.269)
62.35645, 7999, (-0.812, 0.000, -0.269)
62.36359, 8000, (-0.812, 0.000, -0.269)
62.37136, 8001, (-0.812, 0.000, -0.269)
62.37815, 8002, (-0.812, 0.000, -0.269)
62.38573, 8003, (-0.812, 0.000, -0.269)
62.39323, 8004, (-0.812, 0.000, -0.269)
62.39977, 8005, (-0.812, 0.000, -0.269)
62.40738, 8006, (-0.812, 0.000, -0.269)
62.41376, 8007, (-0.812, 0.000, -0.269)
62.42122, 8008, (-0.812, 0.000, -0.269)
62.42878, 8009, (-0.812, 0.000, -0.269)
62.4359, 8010, (-0.812, 0.000, -0.269)
62.44294, 8011, (-0.812, 0.000, -0.269)
62.44964, 8012, (-0.812, 0.000, -0.269)
62.4569, 8013, (-0.812, 0.000, -0.269)
62.46271, 8014, (-0.812, 0.000, -0.269)
62.46874, 8015, (-0.812, 0.000, -0.269)
62.47559, 8016, (-0.812, 0.000, -0.269)
62.48259, 8017, (-0.812, 0.000, -0.269)
62.49035, 8018, (-0.812, 0.000, -0.269)
62.49758, 8019, (-0.812, 0.000, -0.269)
62.50509, 8020, (-0.812, 0.000, -0.269)
62.51207, 8021, (-0.812, 0.000, -0.269)
62.5199, 8022, (-0.812, 0.000, -0.269)
62.52699, 8023, (-0.812, 0.000, -0.269)
62.53322, 8024, (-0.812, 0.000, -0.269)
62.53914, 8025, (-0.812, 0.000, -0.269)
62.54501, 8026, (-0.812, 0.000, -0.269)
62.55533, 8027, (-0.812, 0.000, -0.269)
62.56456, 8028, (-0.812, 0.000, -0.269)
62.57384, 8029, (-0.812, 0.000, -0.269)
62.58395, 8030, (-0.812, 0.000, -0.269)
62.59309, 8031, (-0.812, 0.000, -0.269)
62.60178, 8032, (-0.812, 0.000, -0.269)
62.61148, 8033, (-0.812, 0.000, -0.269)
62.6217, 8034, (-0.812, 0.000, -0.269)
62.63073, 8035, (-0.812, 0.000, -0.269)
62.63976, 8036, (-0.812, 0.000, -0.269)
62.64849, 8037, (-0.812, 0.000, -0.269)
62.65592, 8038, (-0.812, 0.000, -0.269)
62.66298, 8039, (-0.812, 0.000, -0.269)
62.66987, 8040, (-0.812, 0.000, -0.269)
62.67672, 8041, (-0.812, 0.000, -0.269)
62.68547, 8042, (-0.812, 0.000, -0.269)
62.69199, 8043, (-0.812, 0.000, -0.269)
62.69926, 8044, (-0.812, 0.000, -0.269)
62.70777, 8045, (-0.812, 0.000, -0.269)
62.71535, 8046, (-0.812, 0.000, -0.269)
62.72261, 8047, (-0.812, 0.000, -0.269)
62.7301, 8048, (-0.812, 0.000, -0.269)
62.73726, 8049, (-0.812, 0.000, -0.269)
62.74404, 8050, (-0.812, 0.000, -0.269)
62.75164, 8051, (-0.812, 0.000, -0.269)
62.75918, 8052, (-0.812, 0.000, -0.269)
62.76615, 8053, (-0.812, 0.000, -0.269)
62.7753, 8054, (-0.812, 0.000, -0.269)
62.78313, 8055, (-0.812, 0.000, -0.269)
62.79055, 8056, (-0.812, 0.000, -0.269)
62.79731, 8057, (-0.812, 0.000, -0.269)
62.80465, 8058, (-0.812, 0.000, -0.269)
62.81192, 8059, (-0.812, 0.000, -0.269)
62.82164, 8060, (-0.812, 0.000, -0.269)
62.82936, 8061, (-0.812, 0.000, -0.269)
62.8368, 8062, (-0.812, 0.000, -0.269)
62.84407, 8063, (-0.812, 0.000, -0.269)
62.85244, 8064, (-0.812, 0.000, -0.269)
62.86101, 8065, (-0.812, 0.000, -0.269)
62.86841, 8066, (-0.812, 0.000, -0.269)
62.87754, 8067, (-0.812, 0.000, -0.269)
62.88609, 8068, (-0.812, 0.000, -0.269)
62.89305, 8069, (-0.812, 0.000, -0.269)
62.9003, 8070, (-0.812, 0.000, -0.269)
62.90915, 8071, (-0.812, 0.000, -0.269)
62.91753, 8072, (-0.812, 0.000, -0.269)
62.92581, 8073, (-0.812, 0.000, -0.269)
62.93282, 8074, (-0.812, 0.000, -0.269)
62.94044, 8075, (-0.812, 0.000, -0.269)
62.94804, 8076, (-0.812, 0.000, -0.269)
62.95669, 8077, (-0.812, 0.000, -0.269)
62.96521, 8078, (-0.812, 0.000, -0.269)
62.97333, 8079, (-0.812, 0.000, -0.269)
62.98172, 8080, (-0.812, 0.000, -0.269)
62.99031, 8081, (-0.812, 0.000, -0.269)
62.99761, 8082, (-0.812, 0.000, -0.269)
63.0037, 8083, (-0.812, 0.000, -0.269)
63.01019, 8084, (-0.812, 0.000, -0.269)
63.0172, 8085, (-0.812, 0.000, -0.269)
63.02419, 8086, (-0.812, 0.000, -0.269)
63.03197, 8087, (-0.812, 0.000, -0.269)
63.04021, 8088, (-0.812, 0.000, -0.269)
63.04756, 8089, (-0.812, 0.000, -0.269)
63.05634, 8090, (-0.812, 0.000, -0.269)
63.06355, 8091, (-0.812, 0.000, -0.269)
63.07098, 8092, (-0.812, 0.000, -0.269)
63.0787, 8093, (-0.812, 0.000, -0.269)
63.0866, 8094, (-0.812, 0.000, -0.269)
63.09426, 8095, (-0.812, 0.000, -0.269)
63.10152, 8096, (-0.812, 0.000, -0.269)
63.10869, 8097, (-0.812, 0.000, -0.269)
63.11513, 8098, (-0.812, 0.000, -0.269)
63.12212, 8099, (-0.812, 0.000, -0.269)
63.13037, 8100, (-0.812, 0.000, -0.269)
63.13845, 8101, (-0.812, 0.000, -0.269)
63.14591, 8102, (-0.812, 0.000, -0.269)
63.15492, 8103, (-0.812, 0.000, -0.269)
63.16209, 8104, (-0.812, 0.000, -0.269)
63.16935, 8105, (-0.812, 0.000, -0.269)
63.17542, 8106, (-0.812, 0.000, -0.269)
63.18248, 8107, (-0.812, 0.000, -0.269)
63.19039, 8108, (-0.812, 0.000, -0.269)
63.19786, 8109, (-0.812, 0.000, -0.269)
63.20612, 8110, (-0.812, 0.000, -0.269)
63.21396, 8111, (-0.812, 0.000, -0.269)
63.22216, 8112, (-0.812, 0.000, -0.269)
63.23005, 8113, (-0.812, 0.000, -0.269)
63.23787, 8114, (-0.812, 0.000, -0.269)
63.24554, 8115, (-0.812, 0.000, -0.269)
63.25299, 8116, (-0.812, 0.000, -0.269)
63.26025, 8117, (-0.812, 0.000, -0.269)
63.26755, 8118, (-0.812, 0.000, -0.269)
63.27532, 8119, (-0.812, 0.000, -0.269)
63.28318, 8120, (-0.812, 0.000, -0.269)
63.29132, 8121, (-0.812, 0.000, -0.269)
63.2984, 8122, (-0.812, 0.000, -0.269)
63.30644, 8123, (-0.812, 0.000, -0.269)
63.31385, 8124, (-0.812, 0.000, -0.269)
63.3212, 8125, (-0.812, 0.000, -0.269)
63.32972, 8126, (-0.812, 0.000, -0.269)
63.33711, 8127, (-0.812, 0.000, -0.269)
63.34468, 8128, (-0.812, 0.000, -0.269)
63.3519, 8129, (-0.812, 0.000, -0.269)
63.35962, 8130, (-0.812, 0.000, -0.269)
63.36641, 8131, (-0.812, 0.000, -0.269)
63.37454, 8132, (-0.812, 0.000, -0.269)
63.3825, 8133, (-0.812, 0.000, -0.269)
63.39071, 8134, (-0.812, 0.000, -0.269)
63.3979, 8135, (-0.812, 0.000, -0.269)
63.40537, 8136, (-0.812, 0.000, -0.269)
63.41125, 8137, (-0.812, 0.000, -0.269)
63.41704, 8138, (-0.812, 0.000, -0.269)
63.42274, 8139, (-0.812, 0.000, -0.269)
63.42855, 8140, (-0.812, 0.000, -0.269)
63.43391, 8141, (-0.812, 0.000, -0.269)
63.44, 8142, (-0.812, 0.000, -0.269)
63.44648, 8143, (-0.812, 0.000, -0.269)
63.45365, 8144, (-0.812, 0.000, -0.269)
63.46124, 8145, (-0.812, 0.000, -0.269)
63.4704, 8146, (-0.812, 0.000, -0.269)
63.478, 8147, (-0.812, 0.000, -0.269)
63.48526, 8148, (-0.812, 0.000, -0.269)
63.49323, 8149, (-0.812, 0.000, -0.269)
63.50055, 8150, (-0.812, 0.000, -0.269)
63.50871, 8151, (-0.812, 0.000, -0.269)
63.51595, 8152, (-0.812, 0.000, -0.269)
63.52409, 8153, (-0.812, 0.000, -0.269)
63.53117, 8154, (-0.812, 0.000, -0.269)
63.53914, 8155, (-0.812, 0.000, -0.269)
63.54615, 8156, (-0.812, 0.000, -0.269)
63.5548, 8157, (-0.812, 0.000, -0.269)
63.56196, 8158, (-0.812, 0.000, -0.269)
63.57007, 8159, (-0.812, 0.000, -0.269)
63.57773, 8160, (-0.812, 0.000, -0.269)
63.58455, 8161, (-0.812, 0.000, -0.269)
63.59412, 8162, (-0.812, 0.000, -0.269)
63.60123, 8163, (-0.812, 0.000, -0.269)
63.6086, 8164, (-0.812, 0.000, -0.269)
63.61496, 8165, (-0.812, 0.000, -0.269)
63.62253, 8166, (-0.812, 0.000, -0.269)
63.62918, 8167, (-0.812, 0.000, -0.269)
63.63609, 8168, (-0.812, 0.000, -0.269)
63.64255, 8169, (-0.812, 0.000, -0.269)
63.6496, 8170, (-0.812, 0.000, -0.269)
63.66494, 8171, (-0.812, 0.000, -0.269)
63.67369, 8172, (-0.812, 0.000, -0.269)
63.68043, 8173, (-0.812, 0.000, -0.269)
63.68774, 8174, (-0.812, 0.000, -0.269)
63.69469, 8175, (-0.812, 0.000, -0.269)
63.70275, 8176, (-0.812, 0.000, -0.269)
63.70965, 8177, (-0.812, 0.000, -0.269)
63.71666, 8178, (-0.812, 0.000, -0.269)
63.72403, 8179, (-0.812, 0.000, -0.269)
63.73188, 8180, (-0.812, 0.000, -0.269)
63.73981, 8181, (-0.812, 0.000, -0.269)
63.74661, 8182, (-0.812, 0.000, -0.269)
63.75479, 8183, (-0.812, 0.000, -0.269)
63.76098, 8184, (-0.812, 0.000, -0.269)
63.7667, 8185, (-0.812, 0.000, -0.269)
63.77288, 8186, (-0.812, 0.000, -0.269)
63.77866, 8187, (-0.812, 0.000, -0.269)
63.7844, 8188, (-0.812, 0.000, -0.269)
63.79018, 8189, (-0.812, 0.000, -0.269)
63.79631, 8190, (-0.812, 0.000, -0.269)
63.80174, 8191, (-0.812, 0.000, -0.269)
63.80834, 8192, (-0.812, 0.000, -0.269)
63.81462, 8193, (-0.812, 0.000, -0.269)
63.82136, 8194, (-0.812, 0.000, -0.269)
63.82818, 8195, (-0.812, 0.000, -0.269)
63.83613, 8196, (-0.812, 0.000, -0.269)
63.84687, 8197, (-0.812, 0.000, -0.269)
63.8654, 8198, (-0.812, 0.000, -0.269)
63.87336, 8199, (-0.812, 0.000, -0.269)
63.88078, 8200, (-0.812, 0.000, -0.269)
63.88962, 8201, (-0.812, 0.000, -0.269)
63.89725, 8202, (-0.812, 0.000, -0.269)
63.90553, 8203, (-0.812, 0.000, -0.269)
63.91222, 8204, (-0.812, 0.000, -0.269)
63.92245, 8205, (-0.812, 0.000, -0.269)
64.01223, 8206, (-0.812, 0.000, -0.269)
64.0249, 8207, (-0.812, 0.000, -0.269)
64.03038, 8208, (-0.812, 0.000, -0.269)
64.03641, 8209, (-0.812, 0.000, -0.269)
64.04274, 8210, (-0.812, 0.000, -0.269)
64.04984, 8211, (-0.812, 0.000, -0.269)
64.0581, 8212, (-0.812, 0.000, -0.269)
64.06461, 8213, (-0.812, 0.000, -0.269)
64.07088, 8214, (-0.812, 0.000, -0.269)
64.07822, 8215, (-0.812, 0.000, -0.269)
64.08673, 8216, (-0.812, 0.000, -0.269)
64.0945, 8217, (-0.812, 0.000, -0.269)
64.102, 8218, (-0.812, 0.000, -0.269)
64.10988, 8219, (-0.812, 0.000, -0.269)
64.11773, 8220, (-0.812, 0.000, -0.269)
64.12593, 8221, (-0.812, 0.000, -0.269)
64.13298, 8222, (-0.812, 0.000, -0.269)
64.14108, 8223, (-0.812, 0.000, -0.269)
64.14883, 8224, (-0.812, 0.000, -0.269)
64.15492, 8225, (-0.812, 0.000, -0.269)
64.16068, 8226, (-0.812, 0.000, -0.269)
64.16762, 8227, (-0.812, 0.000, -0.269)
64.17576, 8228, (-0.812, 0.000, -0.269)
64.18365, 8229, (-0.812, 0.000, -0.269)
64.19168, 8230, (-0.812, 0.000, -0.269)
64.19862, 8231, (-0.812, 0.000, -0.269)
64.20617, 8232, (-0.812, 0.000, -0.269)
64.21256, 8233, (-0.812, 0.000, -0.269)
64.22174, 8234, (-0.812, 0.000, -0.269)
64.23004, 8235, (-0.812, 0.000, -0.269)
64.23878, 8236, (-0.812, 0.000, -0.269)
64.24772, 8237, (-0.812, 0.000, -0.269)
64.25618, 8238, (-0.812, 0.000, -0.269)
64.26543, 8239, (-0.812, 0.000, -0.269)
64.27568, 8240, (-0.812, 0.000, -0.269)
64.28474, 8241, (-0.812, 0.000, -0.269)
64.29377, 8242, (-0.812, 0.000, -0.269)
64.30329, 8243, (-0.812, 0.000, -0.269)
64.31307, 8244, (-0.812, 0.000, -0.269)
64.32253, 8245, (-0.812, 0.000, -0.269)
64.32919, 8246, (-0.812, 0.000, -0.269)
64.3392, 8247, (-0.812, 0.000, -0.269)
64.3454, 8248, (-0.812, 0.000, -0.269)
64.35325, 8249, (-0.812, 0.000, -0.269)
64.36083, 8250, (-0.812, 0.000, -0.269)
64.36813, 8251, (-0.812, 0.000, -0.269)
64.37653, 8252, (-0.812, 0.000, -0.269)
64.38444, 8253, (-0.812, 0.000, -0.269)
64.39202, 8254, (-0.812, 0.000, -0.269)
64.39926, 8255, (-0.812, 0.000, -0.269)
64.40684, 8256, (-0.812, 0.000, -0.269)
64.4134, 8257, (-0.812, 0.000, -0.269)
64.42062, 8258, (-0.812, 0.000, -0.269)
64.42721, 8259, (-0.812, 0.000, -0.269)
64.43446, 8260, (-0.812, 0.000, -0.269)
64.44231, 8261, (-0.812, 0.000, -0.269)
64.44912, 8262, (-0.812, 0.000, -0.269)
64.45668, 8263, (-0.812, 0.000, -0.269)
64.4631, 8264, (-0.812, 0.000, -0.269)
64.47177, 8265, (-0.812, 0.000, -0.269)
64.47954, 8266, (-0.812, 0.000, -0.269)
64.4877, 8267, (-0.812, 0.000, -0.269)
64.4946, 8268, (-0.812, 0.000, -0.269)
64.50202, 8269, (-0.812, 0.000, -0.269)
64.50967, 8270, (-0.812, 0.000, -0.269)
64.51685, 8271, (-0.812, 0.000, -0.269)
64.52363, 8272, (-0.812, 0.000, -0.269)
64.52964, 8273, (-0.812, 0.000, -0.269)
64.53884, 8274, (-0.812, 0.000, -0.269)
64.54665, 8275, (-0.812, 0.000, -0.269)
64.55618, 8276, (-0.812, 0.000, -0.269)
64.56349, 8277, (-0.812, 0.000, -0.269)
64.56888, 8278, (-0.812, 0.000, -0.269)
64.57621, 8279, (-0.812, 0.000, -0.269)
64.58208, 8280, (-0.812, 0.000, -0.269)
64.58901, 8281, (-0.812, 0.000, -0.269)
64.59715, 8282, (-0.812, 0.000, -0.269)
64.60523, 8283, (-0.812, 0.000, -0.269)
64.61284, 8284, (-0.812, 0.000, -0.269)
64.62087, 8285, (-0.812, 0.000, -0.269)
64.62712, 8286, (-0.812, 0.000, -0.269)
64.63392, 8287, (-0.812, 0.000, -0.269)
64.64069, 8288, (-0.812, 0.000, -0.269)
64.64836, 8289, (-0.812, 0.000, -0.269)
64.65618, 8290, (-0.812, 0.000, -0.269)
64.6636, 8291, (-0.812, 0.000, -0.269)
64.67142, 8292, (-0.812, 0.000, -0.269)
64.67773, 8293, (-0.812, 0.000, -0.269)
64.68566, 8294, (-0.812, 0.000, -0.269)
64.69262, 8295, (-0.812, 0.000, -0.269)
64.69958, 8296, (-0.812, 0.000, -0.269)
64.70773, 8297, (-0.812, 0.000, -0.269)
64.71572, 8298, (-0.812, 0.000, -0.269)
64.72349, 8299, (-0.812, 0.000, -0.269)
64.73032, 8300, (-0.812, 0.000, -0.269)
64.73798, 8301, (-0.812, 0.000, -0.269)
64.74506, 8302, (-0.812, 0.000, -0.269)
64.7532, 8303, (-0.812, 0.000, -0.269)
64.76118, 8304, (-0.812, 0.000, -0.269)
64.76802, 8305, (-0.812, 0.000, -0.269)
64.77501, 8306, (-0.812, 0.000, -0.269)
64.78024, 8307, (-0.812, 0.000, -0.269)
64.78659, 8308, (-0.812, 0.000, -0.269)
64.79304, 8309, (-0.812, 0.000, -0.269)
64.79998, 8310, (-0.812, 0.000, -0.269)
64.80744, 8311, (-0.812, 0.000, -0.269)
64.81361, 8312, (-0.812, 0.000, -0.269)
64.81979, 8313, (-0.812, 0.000, -0.269)
64.82501, 8314, (-0.812, 0.000, -0.269)
64.83075, 8315, (-0.812, 0.000, -0.269)
64.83663, 8316, (-0.812, 0.000, -0.269)
64.84244, 8317, (-0.812, 0.000, -0.269)
64.84996, 8318, (-0.812, 0.000, -0.269)
64.85773, 8319, (-0.812, 0.000, -0.269)
64.86533, 8320, (-0.812, 0.000, -0.269)
64.8733, 8321, (-0.812, 0.000, -0.269)
64.88109, 8322, (-0.812, 0.000, -0.269)
64.88927, 8323, (-0.812, 0.000, -0.269)
64.89676, 8324, (-0.812, 0.000, -0.269)
64.90467, 8325, (-0.812, 0.000, -0.269)
64.91164, 8326, (-0.812, 0.000, -0.269)
64.92003, 8327, (-0.812, 0.000, -0.269)
64.92612, 8328, (-0.812, 0.000, -0.269)
64.93317, 8329, (-0.812, 0.000, -0.269)
64.94144, 8330, (-0.812, 0.000, -0.269)
64.94983, 8331, (-0.812, 0.000, -0.269)
64.95663, 8332, (-0.812, 0.000, -0.269)
64.96426, 8333, (-0.812, 0.000, -0.269)
64.9697, 8334, (-0.812, 0.000, -0.269)
64.97572, 8335, (-0.812, 0.000, -0.269)
64.98286, 8336, (-0.812, 0.000, -0.269)
64.98895, 8337, (-0.812, 0.000, -0.269)
64.99452, 8338, (-0.812, 0.000, -0.269)
65.00018, 8339, (-0.812, 0.000, -0.269)
65.00635, 8340, (-0.812, 0.000, -0.269)
65.01242, 8341, (-0.812, 0.000, -0.269)
65.02052, 8342, (-0.812, 0.000, -0.269)
65.02753, 8343, (-0.812, 0.000, -0.269)
65.03361, 8344, (-0.812, 0.000, -0.269)
65.04121, 8345, (-0.812, 0.000, -0.269)
65.04851, 8346, (-0.812, 0.000, -0.269)
65.05569, 8347, (-0.812, 0.000, -0.269)
65.0621, 8348, (-0.812, 0.000, -0.269)
65.07131, 8349, (-0.812, 0.000, -0.269)
65.07828, 8350, (-0.812, 0.000, -0.269)
65.08653, 8351, (-0.812, 0.000, -0.269)
65.09465, 8352, (-0.812, 0.000, -0.269)
65.10167, 8353, (-0.812, 0.000, -0.269)
65.10728, 8354, (-0.812, 0.000, -0.269)
65.11312, 8355, (-0.812, 0.000, -0.269)
65.11987, 8356, (-0.812, 0.000, -0.269)
65.12572, 8357, (-0.812, 0.000, -0.269)
65.13101, 8358, (-0.812, 0.000, -0.269)
65.13658, 8359, (-0.812, 0.000, -0.269)
65.1429, 8360, (-0.812, 0.000, -0.269)
65.14864, 8361, (-0.812, 0.000, -0.269)
65.15468, 8362, (-0.812, 0.000, -0.269)
65.16088, 8363, (-0.812, 0.000, -0.269)
65.1673, 8364, (-0.812, 0.000, -0.269)
65.17377, 8365, (-0.812, 0.000, -0.269)
65.17964, 8366, (-0.812, 0.000, -0.269)
65.18736, 8367, (-0.812, 0.000, -0.269)
65.19447, 8368, (-0.812, 0.000, -0.269)
65.20174, 8369, (-0.812, 0.000, -0.269)
65.20966, 8370, (-0.812, 0.000, -0.269)
65.21618, 8371, (-0.812, 0.000, -0.269)
65.22369, 8372, (-0.812, 0.000, -0.269)
65.23007, 8373, (-0.812, 0.000, -0.269)
65.23594, 8374, (-0.812, 0.000, -0.269)
65.24172, 8375, (-0.812, 0.000, -0.269)
65.24969, 8376, (-0.812, 0.000, -0.269)
65.25657, 8377, (-0.812, 0.000, -0.269)
65.26395, 8378, (-0.812, 0.000, -0.269)
65.27279, 8379, (-0.812, 0.000, -0.269)
65.27947, 8380, (-0.812, 0.000, -0.269)
65.2877, 8381, (-0.812, 0.000, -0.269)
65.29478, 8382, (-0.812, 0.000, -0.269)
65.30125, 8383, (-0.812, 0.000, -0.269)
65.3082, 8384, (-0.812, 0.000, -0.269)
65.31427, 8385, (-0.812, 0.000, -0.269)
65.32155, 8386, (-0.812, 0.000, -0.269)
65.3293, 8387, (-0.812, 0.000, -0.269)
65.33746, 8388, (-0.812, 0.000, -0.269)
65.34261, 8389, (-0.812, 0.000, -0.269)
65.34843, 8390, (-0.812, 0.000, -0.269)
65.35483, 8391, (-0.812, 0.000, -0.269)
65.36047, 8392, (-0.812, 0.000, -0.269)
65.36715, 8393, (-0.812, 0.000, -0.269)
65.37458, 8394, (-0.812, 0.000, -0.269)
65.38229, 8395, (-0.812, 0.000, -0.269)
65.39059, 8396, (-0.812, 0.000, -0.269)
65.40601, 8397, (-0.812, 0.000, -0.269)
65.41341, 8398, (-0.812, 0.000, -0.269)
65.42171, 8399, (-0.812, 0.000, -0.269)
65.42901, 8400, (-0.812, 0.000, -0.269)
65.43549, 8401, (-0.812, 0.000, -0.269)
65.442, 8402, (-0.812, 0.000, -0.269)
65.44923, 8403, (-0.812, 0.000, -0.269)
65.45602, 8404, (-0.812, 0.000, -0.269)
65.46252, 8405, (-0.812, 0.000, -0.269)
65.47018, 8406, (-0.812, 0.000, -0.269)
65.47844, 8407, (-0.812, 0.000, -0.269)
65.48549, 8408, (-0.812, 0.000, -0.269)
65.49158, 8409, (-0.812, 0.000, -0.269)
65.49704, 8410, (-0.812, 0.000, -0.269)
65.50298, 8411, (-0.812, 0.000, -0.269)
65.50864, 8412, (-0.812, 0.000, -0.269)
65.51393, 8413, (-0.812, 0.000, -0.269)
65.52007, 8414, (-0.812, 0.000, -0.269)
65.52559, 8415, (-0.812, 0.000, -0.269)
65.53274, 8416, (-0.812, 0.000, -0.269)
65.54026, 8417, (-0.812, 0.000, -0.269)
65.54664, 8418, (-0.812, 0.000, -0.269)
65.55393, 8419, (-0.812, 0.000, -0.269)
65.5602, 8420, (-0.812, 0.000, -0.269)
65.56614, 8421, (-0.812, 0.000, -0.269)
65.57319, 8422, (-0.812, 0.000, -0.269)
65.57941, 8423, (-0.812, 0.000, -0.269)
65.58627, 8424, (-0.812, 0.000, -0.269)
65.59268, 8425, (-0.812, 0.000, -0.269)
65.59886, 8426, (-0.812, 0.000, -0.269)
65.60489, 8427, (-0.812, 0.000, -0.269)
65.61079, 8428, (-0.812, 0.000, -0.269)
65.61636, 8429, (-0.812, 0.000, -0.269)
65.62222, 8430, (-0.812, 0.000, -0.269)
65.62757, 8431, (-0.812, 0.000, -0.269)
65.63365, 8432, (-0.812, 0.000, -0.269)
65.63985, 8433, (-0.812, 0.000, -0.269)
65.6452, 8434, (-0.812, 0.000, -0.269)
65.65106, 8435, (-0.812, 0.000, -0.269)
65.65702, 8436, (-0.812, 0.000, -0.269)
65.66396, 8437, (-0.812, 0.000, -0.269)
65.67107, 8438, (-0.812, 0.000, -0.269)
65.67861, 8439, (-0.812, 0.000, -0.269)
65.68705, 8440, (-0.812, 0.000, -0.269)
65.69321, 8441, (-0.812, 0.000, -0.269)
65.69987, 8442, (-0.812, 0.000, -0.269)
65.70833, 8443, (-0.812, 0.000, -0.269)
65.71523, 8444, (-0.812, 0.000, -0.269)
65.72149, 8445, (-0.812, 0.000, -0.269)
65.72701, 8446, (-0.812, 0.000, -0.269)
65.73424, 8447, (-0.812, 0.000, -0.269)
65.74294, 8448, (-0.812, 0.000, -0.269)
65.74998, 8449, (-0.812, 0.000, -0.269)
65.75903, 8450, (-0.812, 0.000, -0.269)
65.76631, 8451, (-0.812, 0.000, -0.269)
65.77395, 8452, (-0.812, 0.000, -0.269)
65.78173, 8453, (-0.812, 0.000, -0.269)
65.78946, 8454, (-0.812, 0.000, -0.269)
65.79617, 8455, (-0.812, 0.000, -0.269)
65.80298, 8456, (-0.812, 0.000, -0.269)
65.81056, 8457, (-0.812, 0.000, -0.269)
65.81701, 8458, (-0.812, 0.000, -0.269)
65.82495, 8459, (-0.812, 0.000, -0.269)
65.83109, 8460, (-0.812, 0.000, -0.269)
65.83804, 8461, (-0.812, 0.000, -0.269)
65.84484, 8462, (-0.812, 0.000, -0.269)
65.85255, 8463, (-0.812, 0.000, -0.269)
65.85951, 8464, (-0.812, 0.000, -0.269)
65.86713, 8465, (-0.812, 0.000, -0.269)
65.87405, 8466, (-0.812, 0.000, -0.269)
65.88, 8467, (-0.812, 0.000, -0.269)
65.88698, 8468, (-0.812, 0.000, -0.269)
65.89223, 8469, (-0.812, 0.000, -0.269)
65.8989, 8470, (-0.812, 0.000, -0.269)
65.90553, 8471, (-0.812, 0.000, -0.269)
65.91231, 8472, (-0.812, 0.000, -0.269)
65.92004, 8473, (-0.812, 0.000, -0.269)
65.92771, 8474, (-0.812, 0.000, -0.269)
65.93397, 8475, (-0.812, 0.000, -0.269)
65.94115, 8476, (-0.812, 0.000, -0.269)
65.94717, 8477, (-0.812, 0.000, -0.269)
65.95437, 8478, (-0.812, 0.000, -0.269)
65.96064, 8479, (-0.812, 0.000, -0.269)
65.96686, 8480, (-0.812, 0.000, -0.269)
65.97418, 8481, (-0.812, 0.000, -0.269)
65.98088, 8482, (-0.812, 0.000, -0.269)
65.98832, 8483, (-0.812, 0.000, -0.269)
65.9956, 8484, (-0.812, 0.000, -0.269)
66.0026, 8485, (-0.812, 0.000, -0.269)
66.00959, 8486, (-0.812, 0.000, -0.269)
66.01559, 8487, (-0.812, 0.000, -0.269)
66.02276, 8488, (-0.812, 0.000, -0.269)
66.02927, 8489, (-0.812, 0.000, -0.269)
66.03606, 8490, (-0.812, 0.000, -0.269)
66.0435, 8491, (-0.812, 0.000, -0.269)
66.05057, 8492, (-0.812, 0.000, -0.269)
66.05848, 8493, (-0.812, 0.000, -0.269)
66.06577, 8494, (-0.812, 0.000, -0.269)
66.07317, 8495, (-0.812, 0.000, -0.269)
66.08002, 8496, (-0.812, 0.000, -0.269)
66.0882, 8497, (-0.812, 0.000, -0.269)
66.09573, 8498, (-0.812, 0.000, -0.269)
66.10329, 8499, (-0.812, 0.000, -0.269)
66.11015, 8500, (-0.812, 0.000, -0.269)
66.11655, 8501, (-0.812, 0.000, -0.269)
66.12258, 8502, (-0.812, 0.000, -0.269)
66.12812, 8503, (-0.812, 0.000, -0.269)
66.13417, 8504, (-0.812, 0.000, -0.269)
66.13987, 8505, (-0.812, 0.000, -0.269)
66.14603, 8506, (-0.812, 0.000, -0.269)
66.1523, 8507, (-0.812, 0.000, -0.269)
66.15789, 8508, (-0.812, 0.000, -0.269)
66.16394, 8509, (-0.812, 0.000, -0.269)
66.16978, 8510, (-0.812, 0.000, -0.269)
66.17654, 8511, (-0.812, 0.000, -0.269)
66.18777, 8512, (-0.812, 0.000, -0.269)
66.19524, 8513, (-0.812, 0.000, -0.269)
66.20317, 8514, (-0.812, 0.000, -0.269)
66.21065, 8515, (-0.812, 0.000, -0.269)
66.21677, 8516, (-0.812, 0.000, -0.269)
66.22442, 8517, (-0.812, 0.000, -0.269)
66.23172, 8518, (-0.812, 0.000, -0.269)
66.23972, 8519, (-0.812, 0.000, -0.269)
66.24673, 8520, (-0.812, 0.000, -0.269)
66.25267, 8521, (-0.812, 0.000, -0.269)
66.25877, 8522, (-0.812, 0.000, -0.269)
66.26524, 8523, (-0.812, 0.000, -0.269)
66.27267, 8524, (-0.812, 0.000, -0.269)
66.27866, 8525, (-0.812, 0.000, -0.269)
66.2862, 8526, (-0.812, 0.000, -0.269)
66.29592, 8527, (-0.812, 0.000, -0.269)
66.30308, 8528, (-0.812, 0.000, -0.269)
66.31039, 8529, (-0.812, 0.000, -0.269)
66.31831, 8530, (-0.812, 0.000, -0.269)
66.32573, 8531, (-0.812, 0.000, -0.269)
66.33233, 8532, (-0.812, 0.000, -0.269)
66.33939, 8533, (-0.812, 0.000, -0.269)
66.34498, 8534, (-0.812, 0.000, -0.269)
66.35059, 8535, (-0.812, 0.000, -0.269)
66.35793, 8536, (-0.812, 0.000, -0.269)
66.36456, 8537, (-0.812, 0.000, -0.269)
66.37109, 8538, (-0.812, 0.000, -0.269)
66.37682, 8539, (-0.812, 0.000, -0.269)
66.38339, 8540, (-0.812, 0.000, -0.269)
66.39235, 8541, (-0.812, 0.000, -0.269)
66.39977, 8542, (-0.812, 0.000, -0.269)
66.40706, 8543, (-0.812, 0.000, -0.269)
66.41471, 8544, (-0.812, 0.000, -0.269)
66.42234, 8545, (-0.812, 0.000, -0.269)
66.42818, 8546, (-0.812, 0.000, -0.269)
66.43437, 8547, (-0.812, 0.000, -0.269)
66.44046, 8548, (-0.812, 0.000, -0.269)
66.44641, 8549, (-0.812, 0.000, -0.269)
66.45367, 8550, (-0.812, 0.000, -0.269)
66.45943, 8551, (-0.812, 0.000, -0.269)
66.46561, 8552, (-0.812, 0.000, -0.269)
66.4732, 8553, (-0.812, 0.000, -0.269)
66.47993, 8554, (-0.812, 0.000, -0.269)
66.48859, 8555, (-0.812, 0.000, -0.269)
66.49615, 8556, (-0.812, 0.000, -0.269)
66.50395, 8557, (-0.812, 0.000, -0.269)
66.51035, 8558, (-0.812, 0.000, -0.269)
66.51847, 8559, (-0.812, 0.000, -0.269)
66.5253, 8560, (-0.812, 0.000, -0.269)
66.53306, 8561, (-0.812, 0.000, -0.269)
66.54043, 8562, (-0.812, 0.000, -0.269)
66.54655, 8563, (-0.812, 0.000, -0.269)
66.55335, 8564, (-0.812, 0.000, -0.269)
66.55891, 8565, (-0.812, 0.000, -0.269)
66.56483, 8566, (-0.812, 0.000, -0.269)
66.57083, 8567, (-0.812, 0.000, -0.269)
66.57697, 8568, (-0.812, 0.000, -0.269)
66.58304, 8569, (-0.812, 0.000, -0.269)
66.58949, 8570, (-0.812, 0.000, -0.269)
66.59689, 8571, (-0.812, 0.000, -0.269)
66.60477, 8572, (-0.812, 0.000, -0.269)
66.61156, 8573, (-0.812, 0.000, -0.269)
66.61954, 8574, (-0.812, 0.000, -0.269)
66.6265, 8575, (-0.812, 0.000, -0.269)
66.63356, 8576, (-0.812, 0.000, -0.269)
66.64038, 8577, (-0.812, 0.000, -0.269)
66.64693, 8578, (-0.812, 0.000, -0.269)
66.65433, 8579, (-0.812, 0.000, -0.269)
66.65993, 8580, (-0.812, 0.000, -0.269)
66.66573, 8581, (-0.812, 0.000, -0.269)
66.67221, 8582, (-0.812, 0.000, -0.269)
66.68114, 8583, (-0.812, 0.000, -0.269)
66.69106, 8584, (-0.812, 0.000, -0.269)
66.69881, 8585, (-0.812, 0.000, -0.269)
66.70679, 8586, (-0.812, 0.000, -0.269)
66.71405, 8587, (-0.812, 0.000, -0.269)
66.72067, 8588, (-0.812, 0.000, -0.269)
66.72661, 8589, (-0.812, 0.000, -0.269)
66.73264, 8590, (-0.812, 0.000, -0.269)
66.73919, 8591, (-0.812, 0.000, -0.269)
66.7449, 8592, (-0.812, 0.000, -0.269)
66.75399, 8593, (-0.812, 0.000, -0.269)
66.76231, 8594, (-0.812, 0.000, -0.269)
66.77071, 8595, (-0.812, 0.000, -0.269)
66.77742, 8596, (-0.812, 0.000, -0.269)
66.78516, 8597, (-0.812, 0.000, -0.269)
66.79267, 8598, (-0.812, 0.000, -0.269)
66.79993, 8599, (-0.812, 0.000, -0.269)
66.80756, 8600, (-0.812, 0.000, -0.269)
66.81496, 8601, (-0.812, 0.000, -0.269)
66.82278, 8602, (-0.812, 0.000, -0.269)
66.83008, 8603, (-0.812, 0.000, -0.269)
66.83779, 8604, (-0.812, 0.000, -0.269)
66.84463, 8605, (-0.812, 0.000, -0.269)
66.85255, 8606, (-0.812, 0.000, -0.269)
66.85937, 8607, (-0.812, 0.000, -0.269)
66.86595, 8608, (-0.812, 0.000, -0.269)
66.87318, 8609, (-0.812, 0.000, -0.269)
66.88033, 8610, (-0.812, 0.000, -0.269)
66.88677, 8611, (-0.812, 0.000, -0.269)
66.89386, 8612, (-0.812, 0.000, -0.269)
66.90319, 8613, (-0.812, 0.000, -0.269)
66.90973, 8614, (-0.812, 0.000, -0.269)
66.91556, 8615, (-0.812, 0.000, -0.269)
66.92218, 8616, (-0.812, 0.000, -0.269)
66.93012, 8617, (-0.812, 0.000, -0.269)
66.93784, 8618, (-0.812, 0.000, -0.269)
66.94586, 8619, (-0.812, 0.000, -0.269)
66.95309, 8620, (-0.812, 0.000, -0.269)
66.96015, 8621, (-0.812, 0.000, -0.269)
66.96726, 8622, (-0.812, 0.000, -0.269)
66.97473, 8623, (-0.812, 0.000, -0.269)
66.98096, 8624, (-0.812, 0.000, -0.269)
66.98789, 8625, (-0.812, 0.000, -0.269)
66.99466, 8626, (-0.812, 0.000, -0.269)
66.99999, 8627, (-0.812, 0.000, -0.269)
67.00642, 8628, (-0.812, 0.000, -0.269)
67.01179, 8629, (-0.812, 0.000, -0.269)
67.01921, 8630, (-0.812, 0.000, -0.269)
67.025, 8631, (-0.812, 0.000, -0.269)
67.03149, 8632, (-0.812, 0.000, -0.269)
67.0394, 8633, (-0.812, 0.000, -0.269)
67.04735, 8634, (-0.812, 0.000, -0.269)
67.05507, 8635, (-0.812, 0.000, -0.269)
67.06268, 8636, (-0.812, 0.000, -0.269)
67.06967, 8637, (-0.812, 0.000, -0.269)
67.07694, 8638, (-0.812, 0.000, -0.269)
67.08412, 8639, (-0.812, 0.000, -0.269)
67.09098, 8640, (-0.812, 0.000, -0.269)
67.09773, 8641, (-0.812, 0.000, -0.269)
67.10506, 8642, (-0.812, 0.000, -0.269)
67.11053, 8643, (-0.812, 0.000, -0.269)
67.12015, 8644, (-0.812, 0.000, -0.269)
67.12525, 8645, (-0.812, 0.000, -0.269)
67.13232, 8646, (-0.812, 0.000, -0.269)
67.13937, 8647, (-0.812, 0.000, -0.269)
67.14604, 8648, (-0.812, 0.000, -0.269)
67.15422, 8649, (-0.812, 0.000, -0.269)
67.15942, 8650, (-0.812, 0.000, -0.269)
67.16512, 8651, (-0.812, 0.000, -0.269)
67.17128, 8652, (-0.812, 0.000, -0.269)
67.1765, 8653, (-0.812, 0.000, -0.269)
67.18288, 8654, (-0.812, 0.000, -0.269)
67.18958, 8655, (-0.812, 0.000, -0.269)
67.19599, 8656, (-0.812, 0.000, -0.269)
67.20251, 8657, (-0.812, 0.000, -0.269)
67.20994, 8658, (-0.812, 0.000, -0.269)
67.21638, 8659, (-0.812, 0.000, -0.269)
67.2221, 8660, (-0.812, 0.000, -0.269)
67.22816, 8661, (-0.812, 0.000, -0.269)
67.23376, 8662, (-0.812, 0.000, -0.269)
67.24099, 8663, (-0.812, 0.000, -0.269)
67.24799, 8664, (-0.812, 0.000, -0.269)
67.25417, 8665, (-0.812, 0.000, -0.269)
67.2613, 8666, (-0.812, 0.000, -0.269)
67.26891, 8667, (-0.812, 0.000, -0.269)
67.27561, 8668, (-0.812, 0.000, -0.269)
67.28207, 8669, (-0.812, 0.000, -0.269)
67.28883, 8670, (-0.812, 0.000, -0.269)
67.29547, 8671, (-0.812, 0.000, -0.269)
67.30267, 8672, (-0.812, 0.000, -0.269)
67.30976, 8673, (-0.812, 0.000, -0.269)
67.31753, 8674, (-0.812, 0.000, -0.269)
67.3248, 8675, (-0.812, 0.000, -0.269)
67.33359, 8676, (-0.812, 0.000, -0.269)
67.342, 8677, (-0.812, 0.000, -0.269)
67.34908, 8678, (-0.812, 0.000, -0.269)
67.35677, 8679, (-0.812, 0.000, -0.269)
67.36375, 8680, (-0.812, 0.000, -0.269)
67.37219, 8681, (-0.812, 0.000, -0.269)
67.38637, 8682, (-0.812, 0.000, -0.269)
67.39398, 8683, (-0.812, 0.000, -0.269)
67.40245, 8684, (-0.812, 0.000, -0.269)
67.40941, 8685, (-0.812, 0.000, -0.269)
67.41622, 8686, (-0.812, 0.000, -0.269)
67.42371, 8687, (-0.812, 0.000, -0.269)
67.43027, 8688, (-0.812, 0.000, -0.269)
67.43636, 8689, (-0.812, 0.000, -0.269)
67.44338, 8690, (-0.812, 0.000, -0.269)
67.45052, 8691, (-0.812, 0.000, -0.269)
67.45731, 8692, (-0.812, 0.000, -0.269)
67.4643, 8693, (-0.812, 0.000, -0.269)
67.47253, 8694, (-0.812, 0.000, -0.269)
67.47947, 8695, (-0.812, 0.000, -0.269)
67.48742, 8696, (-0.812, 0.000, -0.269)
67.49393, 8697, (-0.812, 0.000, -0.269)
67.50356, 8698, (-0.812, 0.000, -0.269)
67.50998, 8699, (-0.812, 0.000, -0.269)
67.51725, 8700, (-0.812, 0.000, -0.269)
67.52406, 8701, (-0.812, 0.000, -0.269)
67.53089, 8702, (-0.812, 0.000, -0.269)
67.53783, 8703, (-0.812, 0.000, -0.269)
67.54401, 8704, (-0.812, 0.000, -0.269)
67.55015, 8705, (-0.812, 0.000, -0.269)
67.55779, 8706, (-0.812, 0.000, -0.269)
67.56422, 8707, (-0.812, 0.000, -0.269)
67.57211, 8708, (-0.812, 0.000, -0.269)
67.5782, 8709, (-0.812, 0.000, -0.269)
67.58538, 8710, (-0.812, 0.000, -0.269)
67.59114, 8711, (-0.812, 0.000, -0.269)
67.59809, 8712, (-0.812, 0.000, -0.269)
67.60401, 8713, (-0.812, 0.000, -0.269)
67.60973, 8714, (-0.812, 0.000, -0.269)
67.61533, 8715, (-0.812, 0.000, -0.269)
67.62166, 8716, (-0.812, 0.000, -0.269)
67.62734, 8717, (-0.812, 0.000, -0.269)
67.63287, 8718, (-0.812, 0.000, -0.269)
67.63985, 8719, (-0.812, 0.000, -0.269)
67.64513, 8720, (-0.812, 0.000, -0.269)
67.65237, 8721, (-0.812, 0.000, -0.269)
67.66, 8722, (-0.812, 0.000, -0.269)
67.66767, 8723, (-0.812, 0.000, -0.269)
67.67519, 8724, (-0.812, 0.000, -0.269)
67.68159, 8725, (-0.812, 0.000, -0.269)
67.68878, 8726, (-0.812, 0.000, -0.269)
67.69596, 8727, (-0.812, 0.000, -0.269)
67.70419, 8728, (-0.812, 0.000, -0.269)
67.71217, 8729, (-0.812, 0.000, -0.269)
67.72046, 8730, (-0.812, 0.000, -0.269)
67.72768, 8731, (-0.812, 0.000, -0.269)
67.7356, 8732, (-0.812, 0.000, -0.269)
67.74306, 8733, (-0.812, 0.000, -0.269)
67.75164, 8734, (-0.812, 0.000, -0.269)
67.75939, 8735, (-0.812, 0.000, -0.269)
67.7672, 8736, (-0.812, 0.000, -0.269)
67.77614, 8737, (-0.812, 0.000, -0.269)
67.78373, 8738, (-0.812, 0.000, -0.269)
67.79089, 8739, (-0.812, 0.000, -0.269)
67.79953, 8740, (-0.812, 0.000, -0.269)
67.80801, 8741, (-0.812, 0.000, -0.269)
67.81566, 8742, (-0.812, 0.000, -0.269)
67.82381, 8743, (-0.812, 0.000, -0.269)
67.83073, 8744, (-0.812, 0.000, -0.269)
67.83768, 8745, (-0.812, 0.000, -0.269)
67.84565, 8746, (-0.812, 0.000, -0.269)
67.85381, 8747, (-0.812, 0.000, -0.269)
67.8624, 8748, (-0.812, 0.000, -0.269)
67.87082, 8749, (-0.812, 0.000, -0.269)
67.87893, 8750, (-0.812, 0.000, -0.269)
67.88622, 8751, (-0.812, 0.000, -0.269)
67.89331, 8752, (-0.812, 0.000, -0.269)
67.9023, 8753, (-0.812, 0.000, -0.269)
67.90892, 8754, (-0.812, 0.000, -0.269)
67.91628, 8755, (-0.812, 0.000, -0.269)
67.92403, 8756, (-0.812, 0.000, -0.269)
67.93153, 8757, (-0.812, 0.000, -0.269)
67.93982, 8758, (-0.812, 0.000, -0.269)
67.94688, 8759, (-0.812, 0.000, -0.269)
67.95341, 8760, (-0.812, 0.000, -0.269)
67.96087, 8761, (-0.812, 0.000, -0.269)
67.96804, 8762, (-0.812, 0.000, -0.269)
67.97521, 8763, (-0.812, 0.000, -0.269)
67.98253, 8764, (-0.812, 0.000, -0.269)
67.98996, 8765, (-0.812, 0.000, -0.269)
67.99718, 8766, (-0.812, 0.000, -0.269)
68.00526, 8767, (-0.812, 0.000, -0.269)
68.01316, 8768, (-0.812, 0.000, -0.269)
68.02071, 8769, (-0.812, 0.000, -0.269)
68.02768, 8770, (-0.812, 0.000, -0.269)
68.03305, 8771, (-0.812, 0.000, -0.269)
68.03976, 8772, (-0.812, 0.000, -0.269)
68.04695, 8773, (-0.812, 0.000, -0.269)
68.05501, 8774, (-0.812, 0.000, -0.269)
68.06097, 8775, (-0.812, 0.000, -0.269)
68.06712, 8776, (-0.812, 0.000, -0.269)
68.07424, 8777, (-0.812, 0.000, -0.269)
68.08072, 8778, (-0.812, 0.000, -0.269)
68.08759, 8779, (-0.812, 0.000, -0.269)
68.09384, 8780, (-0.812, 0.000, -0.269)
68.10088, 8781, (-0.812, 0.000, -0.269)
68.10807, 8782, (-0.812, 0.000, -0.269)
68.11526, 8783, (-0.812, 0.000, -0.269)
68.1226, 8784, (-0.812, 0.000, -0.269)
68.13025, 8785, (-0.812, 0.000, -0.269)
68.13684, 8786, (-0.812, 0.000, -0.269)
68.14302, 8787, (-0.812, 0.000, -0.269)
68.15224, 8788, (-0.812, 0.000, -0.269)
68.1591, 8789, (-0.812, 0.000, -0.269)
68.16644, 8790, (-0.812, 0.000, -0.269)
68.17371, 8791, (-0.812, 0.000, -0.269)
68.17986, 8792, (-0.812, 0.000, -0.269)
68.18732, 8793, (-0.812, 0.000, -0.269)
68.19352, 8794, (-0.812, 0.000, -0.269)
68.20023, 8795, (-0.812, 0.000, -0.269)
68.20811, 8796, (-0.812, 0.000, -0.269)
68.21426, 8797, (-0.812, 0.000, -0.269)
68.22127, 8798, (-0.812, 0.000, -0.269)
68.22755, 8799, (-0.812, 0.000, -0.269)
68.23312, 8800, (-0.812, 0.000, -0.269)
68.239, 8801, (-0.812, 0.000, -0.269)
68.24487, 8802, (-0.812, 0.000, -0.269)
68.25224, 8803, (-0.812, 0.000, -0.269)
68.25862, 8804, (-0.812, 0.000, -0.269)
68.2655, 8805, (-0.812, 0.000, -0.269)
68.27311, 8806, (-0.812, 0.000, -0.269)
68.28062, 8807, (-0.812, 0.000, -0.269)
68.28819, 8808, (-0.812, 0.000, -0.269)
68.29734, 8809, (-0.812, 0.000, -0.269)
68.30457, 8810, (-0.812, 0.000, -0.269)
68.31109, 8811, (-0.812, 0.000, -0.269)
68.31886, 8812, (-0.812, 0.000, -0.269)
68.32481, 8813, (-0.812, 0.000, -0.269)
68.33155, 8814, (-0.812, 0.000, -0.269)
68.33814, 8815, (-0.812, 0.000, -0.269)
68.34378, 8816, (-0.812, 0.000, -0.269)
68.35029, 8817, (-0.812, 0.000, -0.269)
68.35707, 8818, (-0.812, 0.000, -0.269)
68.36399, 8819, (-0.812, 0.000, -0.269)
68.37177, 8820, (-0.812, 0.000, -0.269)
68.37738, 8821, (-0.812, 0.000, -0.269)
68.38496, 8822, (-0.812, 0.000, -0.269)
68.39093, 8823, (-0.812, 0.000, -0.269)
68.39825, 8824, (-0.812, 0.000, -0.269)
68.40521, 8825, (-0.812, 0.000, -0.269)
68.41277, 8826, (-0.812, 0.000, -0.269)
68.42049, 8827, (-0.812, 0.000, -0.269)
68.42685, 8828, (-0.812, 0.000, -0.269)
68.43359, 8829, (-0.812, 0.000, -0.269)
68.4393, 8830, (-0.812, 0.000, -0.269)
68.4452, 8831, (-0.812, 0.000, -0.269)
68.45148, 8832, (-0.812, 0.000, -0.269)
68.45722, 8833, (-0.812, 0.000, -0.269)
68.46272, 8834, (-0.812, 0.000, -0.269)
68.46841, 8835, (-0.812, 0.000, -0.269)
68.47538, 8836, (-0.812, 0.000, -0.269)
68.48216, 8837, (-0.812, 0.000, -0.269)
68.49033, 8838, (-0.812, 0.000, -0.269)
68.49789, 8839, (-0.812, 0.000, -0.269)
68.5059, 8840, (-0.812, 0.000, -0.269)
68.51255, 8841, (-0.812, 0.000, -0.269)
68.51855, 8842, (-0.812, 0.000, -0.269)
68.52467, 8843, (-0.812, 0.000, -0.269)
68.53118, 8844, (-0.812, 0.000, -0.269)
68.53783, 8845, (-0.812, 0.000, -0.269)
68.54316, 8846, (-0.812, 0.000, -0.269)
68.54872, 8847, (-0.812, 0.000, -0.269)
68.55908, 8848, (-0.812, 0.000, -0.269)
68.56701, 8849, (-0.812, 0.000, -0.269)
68.57387, 8850, (-0.812, 0.000, -0.269)
68.58018, 8851, (-0.812, 0.000, -0.269)
68.58675, 8852, (-0.812, 0.000, -0.269)
68.59301, 8853, (-0.812, 0.000, -0.269)
68.59989, 8854, (-0.812, 0.000, -0.269)
68.60806, 8855, (-0.812, 0.000, -0.269)
68.61473, 8856, (-0.812, 0.000, -0.269)
68.62297, 8857, (-0.812, 0.000, -0.269)
68.63052, 8858, (-0.812, 0.000, -0.269)
68.63769, 8859, (-0.812, 0.000, -0.269)
68.64444, 8860, (-0.812, 0.000, -0.269)
68.65224, 8861, (-0.812, 0.000, -0.269)
68.65889, 8862, (-0.812, 0.000, -0.269)
68.66613, 8863, (-0.812, 0.000, -0.269)
68.67255, 8864, (-0.812, 0.000, -0.269)
68.67908, 8865, (-0.812, 0.000, -0.269)
68.6858, 8866, (-0.812, 0.000, -0.269)
68.6915, 8867, (-0.812, 0.000, -0.269)
68.69733, 8868, (-0.812, 0.000, -0.269)
68.70335, 8869, (-0.812, 0.000, -0.269)
68.70964, 8870, (-0.812, 0.000, -0.269)
68.71551, 8871, (-0.812, 0.000, -0.269)
68.72282, 8872, (-0.812, 0.000, -0.269)
68.73, 8873, (-0.812, 0.000, -0.269)
68.73735, 8874, (-0.812, 0.000, -0.269)
68.74472, 8875, (-0.812, 0.000, -0.269)
68.75278, 8876, (-0.812, 0.000, -0.269)
68.75965, 8877, (-0.812, 0.000, -0.269)
68.76631, 8878, (-0.812, 0.000, -0.269)
68.77245, 8879, (-0.812, 0.000, -0.269)
68.77816, 8880, (-0.812, 0.000, -0.269)
68.78398, 8881, (-0.812, 0.000, -0.269)
68.78971, 8882, (-0.812, 0.000, -0.269)
68.7953, 8883, (-0.812, 0.000, -0.269)
68.8025, 8884, (-0.812, 0.000, -0.269)
68.80862, 8885, (-0.812, 0.000, -0.269)
68.81519, 8886, (-0.812, 0.000, -0.269)
68.82262, 8887, (-0.812, 0.000, -0.269)
68.82949, 8888, (-0.812, 0.000, -0.269)
68.83723, 8889, (-0.812, 0.000, -0.269)
68.84419, 8890, (-0.812, 0.000, -0.269)
68.85265, 8891, (-0.812, 0.000, -0.269)
68.85944, 8892, (-0.812, 0.000, -0.269)
68.86675, 8893, (-0.812, 0.000, -0.269)
68.87495, 8894, (-0.812, 0.000, -0.269)
68.88197, 8895, (-0.812, 0.000, -0.269)
68.88887, 8896, (-0.812, 0.000, -0.269)
68.89525, 8897, (-0.812, 0.000, -0.269)
68.90139, 8898, (-0.812, 0.000, -0.269)
68.908, 8899, (-0.812, 0.000, -0.269)
68.91399, 8900, (-0.812, 0.000, -0.269)
68.92101, 8901, (-0.812, 0.000, -0.269)
68.9266, 8902, (-0.812, 0.000, -0.269)
68.93295, 8903, (-0.812, 0.000, -0.269)
68.93894, 8904, (-0.812, 0.000, -0.269)
68.94499, 8905, (-0.812, 0.000, -0.269)
68.95137, 8906, (-0.812, 0.000, -0.269)
68.95734, 8907, (-0.812, 0.000, -0.269)
68.96297, 8908, (-0.812, 0.000, -0.269)
68.96941, 8909, (-0.812, 0.000, -0.269)
68.97541, 8910, (-0.812, 0.000, -0.269)
68.98225, 8911, (-0.812, 0.000, -0.269)
68.99094, 8912, (-0.812, 0.000, -0.269)
69.00414, 8913, (-0.812, 0.000, -0.269)
69.02052, 8914, (-0.812, 0.000, -0.269)
69.02881, 8915, (-0.812, 0.000, -0.269)
69.0367, 8916, (-0.812, 0.000, -0.269)
69.04568, 8917, (-0.812, 0.000, -0.269)
69.05709, 8918, (-0.812, 0.000, -0.269)
